t1,t2,t3
-0.132,-0.132,-0.132
-0.104,-0.104,-0.104
-0.078,-0.078,-0.078
-0.055,-0.055,-0.055
-0.032,-0.032,-0.032
-0.009,-0.009,-0.009
0.015,0.015,0.015
0.039,0.039,0.039
0.063,0.063,0.063
0.087,0.087,0.087
0.097,0.097,0.097
0.104,0.104,0.104
0.107,0.107,0.107
0.108,0.108,0.108
0.108,0.108,0.108
0.108,0.108,0.108
0.107,0.107,0.107
0.106,0.106,0.106
0.104,0.104,0.104
0.102,0.102,0.102
0.101,0.101,0.101
0.098,0.098,0.098
0.096,0.096,0.096
0.094,0.094,0.094
0.092,0.092,0.092
0.090,0.090,0.090
0.088,0.088,0.088
0.086,0.086,0.086
0.085,0.085,0.085
0.083,0.083,0.083
0.082,0.082,0.082
0.081,0.081,0.081
0.074,0.074,0.074
0.056,0.056,0.056
-0.027,-0.027,-0.027
-0.299,-0.299,-0.299
-0.425,-0.425,-0.425
-0.652,-0.652,-0.652
-0.811,-0.811,-0.811
-0.895,-0.895,-0.895
-0.993,-0.993,-0.993
-0.999,-0.999,-0.999
-1.039,-1.039,-1.039
-1.101,-1.101,-1.101
-1.164,-1.164,-1.164
-1.227,-1.227,-1.227
-1.290,-1.290,-1.290
-1.352,-1.352,-1.352
-1.401,-1.401,-1.401
-1.434,-1.434,-1.434
-1.470,-1.470,-1.470
-1.513,-1.513,-1.513
-1.540,-1.540,-1.540
-1.569,-1.569,-1.569
-1.600,-1.600,-1.600
-1.624,-1.624,-1.624
-1.648,-1.648,-1.648
-1.671,-1.671,-1.671
-1.691,-1.691,-1.691
-1.711,-1.711,-1.711
-1.729,-1.729,-1.729
-1.746,-1.746,-1.746
-1.761,-1.761,-1.761
-1.776,-1.776,-1.776
-1.791,-1.791,-1.791
-1.804,-1.804,-1.804
-1.817,-1.817,-1.817
-1.829,-1.829,-1.829
-1.841,-1.841,-1.841
-1.852,-1.852,-1.852
-1.862,-1.862,-1.862
-1.873,-1.873,-1.873
-1.883,-1.883,-1.883
-1.892,-1.892,-1.892
-1.902,-1.902,-1.902
-1.911,-1.911,-1.911
-1.920,-1.920,-1.920
-1.925,-1.925,-1.925
-1.934,-1.934,-1.934
-1.941,-1.941,-1.941
-1.947,-1.947,-1.947
-1.956,-1.956,-1.956
-1.962,-1.962,-1.962
-1.970,-1.970,-1.970
-1.976,-1.976,-1.976
-1.985,-1.985,-1.985
-1.988,-1.988,-1.988
-1.997,-1.997,-1.997
-2.005,-2.005,-2.005
-2.009,-2.009,-2.009
-2.017,-2.017,-2.017
-2.025,-2.025,-2.025
-2.029,-2.029,-2.029
-2.036,-2.036,-2.036
-2.044,-2.044,-2.044
-2.049,-2.049,-2.049
-2.056,-2.056,-2.056
-2.060,-2.060,-2.060
-2.072,-2.072,-2.072
-2.076,-2.076,-2.076
-2.082,-2.082,-2.082
-2.091,-2.091,-2.091
-2.097,-2.097,-2.097
-2.099,-2.099,-2.099
-2.077,-2.077,-2.077
-2.106,-2.106,-2.106
-2.125,-2.125,-2.125
-2.124,-2.124,-2.124
-2.137,-2.137,-2.137
-2.139,-2.139,-2.139
-2.140,-2.140,-2.140
-2.152,-2.152,-2.152
-2.155,-2.155,-2.155
-2.149,-2.149,-2.149
-2.174,-2.174,-2.174
-2.164,-2.164,-2.164
-2.180,-2.180,-2.180
-2.159,-2.159,-2.159
-2.190,-2.190,-2.190
-2.191,-2.191,-2.191
-2.190,-2.190,-2.190
-2.206,-2.206,-2.206
-2.181,-2.181,-2.181
-2.203,-2.203,-2.203
-2.223,-2.223,-2.223
-2.191,-2.191,-2.191
-2.222,-2.222,-2.222
-2.234,-2.234,-2.234
-2.199,-2.199,-2.199
-2.215,-2.215,-2.215
-2.241,-2.241,-2.241
-2.256,-2.256,-2.256
-2.209,-2.209,-2.209
-2.239,-2.239,-2.239
-2.260,-2.260,-2.260
-2.268,-2.268,-2.268
-2.227,-2.227,-2.227
-2.254,-2.254,-2.254
-2.259,-2.259,-2.259
-2.283,-2.283,-2.283
-2.290,-2.290,-2.290
-2.285,-2.285,-2.285
-2.306,-2.306,-2.306
-2.255,-2.255,-2.255
-2.283,-2.283,-2.283
-2.298,-2.298,-2.298
-2.310,-2.310,-2.310
-2.328,-2.328,-2.328
-2.282,-2.282,-2.282
-2.309,-2.309,-2.309
-2.318,-2.318,-2.318
-2.338,-2.338,-2.338
-2.340,-2.340,-2.340
-2.343,-2.343,-2.343
-2.348,-2.348,-2.348
-2.334,-2.334,-2.334
-2.353,-2.353,-2.353
-2.359,-2.359,-2.359
-2.376,-2.376,-2.376
-2.336,-2.336,-2.336
-2.360,-2.360,-2.360
-2.365,-2.365,-2.365
-2.384,-2.384,-2.384
-2.398,-2.398,-2.398
-2.363,-2.363,-2.363
-2.388,-2.388,-2.388
-2.402,-2.402,-2.402
-2.411,-2.411,-2.411
-2.388,-2.388,-2.388
-2.394,-2.394,-2.394
-2.411,-2.411,-2.411
-2.425,-2.425,-2.425
-2.429,-2.429,-2.429
-2.433,-2.433,-2.433
-2.432,-2.432,-2.432
-2.447,-2.447,-2.447
-2.429,-2.429,-2.429
-2.436,-2.436,-2.436
-2.452,-2.452,-2.452
-2.464,-2.464,-2.464
-2.444,-2.444,-2.444
-2.463,-2.463,-2.463
-2.475,-2.475,-2.475
-2.467,-2.467,-2.467
-2.483,-2.483,-2.483
-2.479,-2.479,-2.479
-2.494,-2.494,-2.494
-2.478,-2.478,-2.478
-2.495,-2.495,-2.495
-2.503,-2.503,-2.503
-2.500,-2.500,-2.500
-2.515,-2.515,-2.515
-2.501,-2.501,-2.501
-2.517,-2.517,-2.517
-2.521,-2.521,-2.521
-2.533,-2.533,-2.533
-2.509,-2.509,-2.509
-2.527,-2.527,-2.527
-2.536,-2.536,-2.536
-2.536,-2.536,-2.536
-2.548,-2.548,-2.548
-2.556,-2.556,-2.556
-2.542,-2.542,-2.542
-2.557,-2.557,-2.557
-2.566,-2.566,-2.566
-2.565,-2.565,-2.565
-2.577,-2.577,-2.577
-2.568,-2.568,-2.568
-2.570,-2.570,-2.570
-2.582,-2.582,-2.582
-2.590,-2.590,-2.590
-2.586,-2.586,-2.586
-2.598,-2.598,-2.598
-2.605,-2.605,-2.605
-2.596,-2.596,-2.596
-2.608,-2.608,-2.608
-2.610,-2.610,-2.610
-2.620,-2.620,-2.620
-2.614,-2.614,-2.614
-2.625,-2.625,-2.625
-2.632,-2.632,-2.632
-2.628,-2.628,-2.628
-2.638,-2.638,-2.638
-2.641,-2.641,-2.641
-2.647,-2.647,-2.647
-2.644,-2.644,-2.644
-2.653,-2.653,-2.653
-2.653,-2.653,-2.653
-2.662,-2.662,-2.662
-2.661,-2.661,-2.661
-2.669,-2.669,-2.669
-2.671,-2.671,-2.671
-2.678,-2.678,-2.678
-2.673,-2.673,-2.673
-2.683,-2.683,-2.683
-2.688,-2.688,-2.688
-2.685,-2.685,-2.685
-2.694,-2.694,-2.694
-2.697,-2.697,-2.697
-2.695,-2.695,-2.695
-2.703,-2.703,-2.703
-2.706,-2.706,-2.706
-2.705,-2.705,-2.705
-2.712,-2.712,-2.712
-2.713,-2.713,-2.713
-2.717,-2.717,-2.717
-2.717,-2.717,-2.717
-2.724,-2.724,-2.724
-2.718,-2.718,-2.718
-2.726,-2.726,-2.726
-2.730,-2.730,-2.730
-2.725,-2.725,-2.725
-2.733,-2.733,-2.733
-2.737,-2.737,-2.737
-2.730,-2.730,-2.730
-2.738,-2.738,-2.738
-2.741,-2.741,-2.741
-2.738,-2.738,-2.738
-2.744,-2.744,-2.744
-2.743,-2.743,-2.743
-2.748,-2.748,-2.748
-2.742,-2.742,-2.742
-2.749,-2.749,-2.749
-2.752,-2.752,-2.752
-2.747,-2.747,-2.747
-2.753,-2.753,-2.753
-2.754,-2.754,-2.754
-2.749,-2.749,-2.749
-2.755,-2.755,-2.755
-2.758,-2.758,-2.758
-2.749,-2.749,-2.749
-2.756,-2.756,-2.756
-2.758,-2.758,-2.758
-2.756,-2.756,-2.756
-2.760,-2.760,-2.760
-2.753,-2.753,-2.753
-2.759,-2.759,-2.759
-2.760,-2.760,-2.760
-2.754,-2.754,-2.754
-2.759,-2.759,-2.759
-2.761,-2.761,-2.761
-2.752,-2.752,-2.752
-2.758,-2.758,-2.758
-2.759,-2.759,-2.759
-2.755,-2.755,-2.755
-2.759,-2.759,-2.759
-2.752,-2.752,-2.752
-2.757,-2.757,-2.757
-2.758,-2.758,-2.758
-2.747,-2.747,-2.747
-2.753,-2.753,-2.753
-2.754,-2.754,-2.754
-2.752,-2.752,-2.752
-2.751,-2.751,-2.751
-2.751,-2.751,-2.751
-2.745,-2.745,-2.745
-2.749,-2.749,-2.749
-2.746,-2.746,-2.746
-2.745,-2.745,-2.745
-2.744,-2.744,-2.744
-2.742,-2.742,-2.742
-2.742,-2.742,-2.742
-2.736,-2.736,-2.736
-2.739,-2.739,-2.739
-2.733,-2.733,-2.733
-2.736,-2.736,-2.736
-2.727,-2.727,-2.727
-2.731,-2.731,-2.731
-2.729,-2.729,-2.729
-2.720,-2.720,-2.720
-2.724,-2.724,-2.724
-2.723,-2.723,-2.723
-2.712,-2.712,-2.712
-2.716,-2.716,-2.716
-2.715,-2.715,-2.715
-2.708,-2.708,-2.708
-2.710,-2.710,-2.710
-2.703,-2.703,-2.703
-2.705,-2.705,-2.705
-2.698,-2.698,-2.698
-2.700,-2.700,-2.700
-2.690,-2.690,-2.690
-2.692,-2.692,-2.692
-2.691,-2.691,-2.691
-2.679,-2.679,-2.679
-2.682,-2.682,-2.682
-2.680,-2.680,-2.680
-2.674,-2.674,-2.674
-2.675,-2.675,-2.675
-2.663,-2.663,-2.663
-2.666,-2.666,-2.666
-2.664,-2.664,-2.664
-2.654,-2.654,-2.654
-2.656,-2.656,-2.656
-2.653,-2.653,-2.653
-2.641,-2.641,-2.641
-2.643,-2.643,-2.643
-2.641,-2.641,-2.641
-2.631,-2.631,-2.631
-2.632,-2.632,-2.632
-2.629,-2.629,-2.629
-2.617,-2.617,-2.617
-2.619,-2.619,-2.619
-2.616,-2.616,-2.616
-2.605,-2.605,-2.605
-2.606,-2.606,-2.606
-2.603,-2.603,-2.603
-2.589,-2.589,-2.589
-2.591,-2.591,-2.591
-2.588,-2.588,-2.588
-2.580,-2.580,-2.580
-2.579,-2.579,-2.579
-2.566,-2.566,-2.566
-2.567,-2.567,-2.567
-2.564,-2.564,-2.564
-2.553,-2.553,-2.553
-2.553,-2.553,-2.553
-2.547,-2.547,-2.547
-2.538,-2.538,-2.538
-2.538,-2.538,-2.538
-2.527,-2.527,-2.527
-2.527,-2.527,-2.527
-2.516,-2.516,-2.516
-2.515,-2.515,-2.515
-2.504,-2.504,-2.504
-2.504,-2.504,-2.504
-2.495,-2.495,-2.495
-2.493,-2.493,-2.493
-2.476,-2.476,-2.476
-2.478,-2.478,-2.478
-2.473,-2.473,-2.473
-2.466,-2.466,-2.466
-2.459,-2.459,-2.459
-2.454,-2.454,-2.454
-2.445,-2.445,-2.445
-2.443,-2.443,-2.443
-2.429,-2.429,-2.429
-2.429,-2.429,-2.429
-2.422,-2.422,-2.422
-2.409,-2.409,-2.409
-2.408,-2.408,-2.408
-2.403,-2.403,-2.403
-2.386,-2.386,-2.386
-2.386,-2.386,-2.386
-2.381,-2.381,-2.381
-2.371,-2.371,-2.371
-2.367,-2.367,-2.367
-2.352,-2.352,-2.352
-2.351,-2.351,-2.351
-2.345,-2.345,-2.345
-2.331,-2.331,-2.331
-2.330,-2.330,-2.330
-2.322,-2.322,-2.322
-2.309,-2.309,-2.309
-2.307,-2.307,-2.307
-2.297,-2.297,-2.297
-2.292,-2.292,-2.292
-2.276,-2.276,-2.276
-2.275,-2.275,-2.275
-2.268,-2.268,-2.268
-2.252,-2.252,-2.252
-2.250,-2.250,-2.250
-2.243,-2.243,-2.243
-2.227,-2.227,-2.227
-2.225,-2.225,-2.225
-2.218,-2.218,-2.218
-2.202,-2.202,-2.202
-2.200,-2.200,-2.200
-2.193,-2.193,-2.193
-2.173,-2.173,-2.173
-2.173,-2.173,-2.173
-2.165,-2.165,-2.165
-2.154,-2.154,-2.154
-2.147,-2.147,-2.147
-2.132,-2.132,-2.132
-2.129,-2.129,-2.129
-2.119,-2.119,-2.119
-2.106,-2.106,-2.106
-2.102,-2.102,-2.102
-2.088,-2.088,-2.088
-2.083,-2.083,-2.083
-2.067,-2.067,-2.067
-2.063,-2.063,-2.063
-2.052,-2.052,-2.052
-2.040,-2.040,-2.040
-2.035,-2.035,-2.035
-2.015,-2.015,-2.015
-2.013,-2.013,-2.013
-2.004,-2.004,-2.004
-1.987,-1.987,-1.987
-1.983,-1.983,-1.983
-1.973,-1.973,-1.973
-1.956,-1.956,-1.956
-1.952,-1.952,-1.952
-1.941,-1.941,-1.941
-1.925,-1.925,-1.925
-1.921,-1.921,-1.921
-1.908,-1.908,-1.908
-1.896,-1.896,-1.896
-1.890,-1.890,-1.890
-1.867,-1.867,-1.867
-1.864,-1.864,-1.864
-1.855,-1.855,-1.855
-1.842,-1.842,-1.842
-1.830,-1.830,-1.830
-1.823,-1.823,-1.823
-1.799,-1.799,-1.799
-1.797,-1.797,-1.797
-1.787,-1.787,-1.787
-1.775,-1.775,-1.775
-1.759,-1.759,-1.759
-1.752,-1.752,-1.752
-1.736,-1.736,-1.736
-1.729,-1.729,-1.729
-1.710,-1.710,-1.710
-1.704,-1.704,-1.704
-1.692,-1.692,-1.692
-1.672,-1.672,-1.672
-1.667,-1.667,-1.667
-1.656,-1.656,-1.656
-1.634,-1.634,-1.634
-1.629,-1.629,-1.629
-1.618,-1.618,-1.618
-1.600,-1.600,-1.600
-1.593,-1.593,-1.593
-1.576,-1.576,-1.576
-1.568,-1.568,-1.568
-1.545,-1.545,-1.545
-1.540,-1.540,-1.540
-1.528,-1.528,-1.528
-1.508,-1.508,-1.508
-1.501,-1.501,-1.501
-1.487,-1.487,-1.487
-1.469,-1.469,-1.469
-1.461,-1.461,-1.461
-1.445,-1.445,-1.445
-1.435,-1.435,-1.435
-1.408,-1.408,-1.408
-1.404,-1.404,-1.404
-1.392,-1.392,-1.392
-1.378,-1.378,-1.378
-1.356,-1.356,-1.356
-1.350,-1.350,-1.350
-1.337,-1.337,-1.337
-1.312,-1.312,-1.312
-1.306,-1.306,-1.306
-1.293,-1.293,-1.293
-1.273,-1.273,-1.273
-1.265,-1.265,-1.265
-1.244,-1.244,-1.244
-1.235,-1.235,-1.235
-1.215,-1.215,-1.215
-1.206,-1.206,-1.206
-1.183,-1.183,-1.183
-1.175,-1.175,-1.175
-1.159,-1.159,-1.159
-1.138,-1.138,-1.138
-1.130,-1.130,-1.130
-1.110,-1.110,-1.110
-1.100,-1.100,-1.100
-1.072,-1.072,-1.072
-1.066,-1.066,-1.066
-1.052,-1.052,-1.052
-1.030,-1.030,-1.030
-1.020,-1.020,-1.020
-0.997,-0.997,-0.997
-0.988,-0.988,-0.988
-0.968,-0.968,-0.968
-0.957,-0.957,-0.957
-0.928,-0.928,-0.928
-0.921,-0.921,-0.921
-0.906,-0.906,-0.906
-0.886,-0.886,-0.886
-0.874,-0.874,-0.874
-0.844,-0.844,-0.844
-0.838,-0.838,-0.838
-0.822,-0.822,-0.822
-0.804,-0.804,-0.804
-0.785,-0.785,-0.785
-0.773,-0.773,-0.773
-0.741,-0.741,-0.741
-0.735,-0.735,-0.735
-0.719,-0.719,-0.719
-0.703,-0.703,-0.703
-0.673,-0.673,-0.673
-0.665,-0.665,-0.665
-0.649,-0.649,-0.649
-0.627,-0.627,-0.627
-0.614,-0.614,-0.614
-0.586,-0.586,-0.586
-0.577,-0.577,-0.577
-0.560,-0.560,-0.560
-0.531,-0.531,-0.531
0.310,0.310,0.310
-0.536,-0.536,-0.536
-0.647,-0.647,-0.647
-0.638,-0.638,-0.638
-0.615,-0.615,-0.615
-0.588,-0.588,-0.588
-0.560,-0.560,-0.560
-0.531,-0.531,-0.531
-0.503,-0.503,-0.503
-0.475,-0.475,-0.475
-0.448,-0.448,-0.448
-0.422,-0.422,-0.422
-0.396,-0.396,-0.396
-4.206,-4.206,-4.206
-0.783,-0.783,-0.783
0.454,0.454,0.454
0.443,0.443,0.443
0.507,0.507,0.507
0.534,0.534,0.534
0.539,0.539,0.539
0.534,0.534,0.534
0.525,0.525,0.525
0.513,0.513,0.513
0.502,0.502,0.502
0.491,0.491,0.491
0.481,0.481,0.481
0.473,0.473,0.473
0.465,0.465,0.465
0.459,0.459,0.459
0.454,0.454,0.454
0.451,0.451,0.451
-0.059,-0.059,-0.059
-0.006,-0.006,-0.006
0.045,0.045,0.045
0.093,0.093,0.093
0.136,0.136,0.136
0.175,0.175,0.175
0.208,0.208,0.208
0.237,0.237,0.237
0.262,0.262,0.262
0.283,0.283,0.283
0.301,0.301,0.301
0.317,0.317,0.317
0.330,0.330,0.330
0.341,0.341,0.341
0.351,0.351,0.351
0.352,0.352,0.352
0.525,0.525,0.525
0.519,0.519,0.519
0.509,0.509,0.509
0.497,0.497,0.497
0.485,0.485,0.485
0.474,0.474,0.474
0.464,0.464,0.464
0.455,0.455,0.455
0.448,0.448,0.448
0.441,0.441,0.441
0.069,0.069,0.069
0.300,0.300,0.300
0.320,0.320,0.320
0.287,0.287,0.287
0.333,0.333,0.333
0.259,0.259,0.259
0.272,0.272,0.272
0.264,0.264,0.264
0.283,0.283,0.283
0.253,0.253,0.253
0.906,0.906,0.906
0.998,0.998,0.998
0.694,0.694,0.694
0.428,0.428,0.428
0.138,0.138,0.138
-0.346,-0.346,-0.346
-0.286,-0.286,-0.286
-0.438,-0.438,-0.438
-0.598,-0.598,-0.598
-0.716,-0.716,-0.716
-0.793,-0.793,-0.793
-0.831,-0.831,-0.831
-0.839,-0.839,-0.839
-0.851,-0.851,-0.851
-0.864,-0.864,-0.864
-0.875,-0.875,-0.875
-0.880,-0.880,-0.880
-0.883,-0.883,-0.883
-0.885,-0.885,-0.885
-0.883,-0.883,-0.883
-0.877,-0.877,-0.877
-0.868,-0.868,-0.868
-0.623,-0.623,-0.623
-0.526,-0.526,-0.526
-0.428,-0.428,-0.428
-0.334,-0.334,-0.334
-0.270,-0.270,-0.270
-0.235,-0.235,-0.235
-0.222,-0.222,-0.222
-0.225,-0.225,-0.225
-0.239,-0.239,-0.239
-0.259,-0.259,-0.259
-0.281,-0.281,-0.281
-0.304,-0.304,-0.304
-0.326,-0.326,-0.326
-0.347,-0.347,-0.347
-0.364,-0.364,-0.364
-0.379,-0.379,-0.379
-0.532,-0.532,-0.532
-0.577,-0.577,-0.577
-0.589,-0.589,-0.589
-0.604,-0.604,-0.604
-0.623,-0.623,-0.623
-0.641,-0.641,-0.641
-0.661,-0.661,-0.661
-0.677,-0.677,-0.677
-0.688,-0.688,-0.688
-0.695,-0.695,-0.695
-0.699,-0.699,-0.699
3.393,3.393,3.393
2.156,2.156,2.156
2.098,2.098,2.098
2.307,2.307,2.307
1.220,1.220,1.220
0.494,0.494,0.494
-0.123,-0.123,-0.123
-1.565,-1.565,-1.565
-0.742,-0.742,-0.742
-0.490,-0.490,-0.490
-0.220,-0.220,-0.220
-0.081,-0.081,-0.081
0.026,0.026,0.026
0.272,0.272,0.272
0.504,0.504,0.504
0.524,0.524,0.524
0.532,0.532,0.532
0.528,0.528,0.528
0.519,0.519,0.519
0.508,0.508,0.508
0.492,0.492,0.492
0.481,0.481,0.481
0.473,0.473,0.473
0.467,0.467,0.467
0.461,0.461,0.461
0.456,0.456,0.456
0.452,0.452,0.452
0.448,0.448,0.448
0.446,0.446,0.446
0.444,0.444,0.444
0.443,0.443,0.443
-0.051,-0.051,-0.051
0.008,0.008,0.008
0.047,0.047,0.047
0.091,0.091,0.091
0.132,0.132,0.132
0.169,0.169,0.169
0.202,0.202,0.202
0.230,0.230,0.230
0.255,0.255,0.255
0.277,0.277,0.277
0.295,0.295,0.295
0.311,0.311,0.311
0.325,0.325,0.325
0.336,0.336,0.336
0.346,0.346,0.346
0.354,0.354,0.354
0.534,0.534,0.534
0.535,0.535,0.535
0.527,0.527,0.527
0.517,0.517,0.517
0.508,0.508,0.508
0.498,0.498,0.498
0.489,0.489,0.489
0.480,0.480,0.480
0.530,0.530,0.530
0.407,0.407,0.407
0.440,0.440,0.440
0.465,0.465,0.465
0.202,0.202,0.202
0.363,0.363,0.363
0.354,0.354,0.354
0.343,0.343,0.343
0.377,0.377,0.377
0.290,0.290,0.290
0.294,0.294,0.294
-0.280,-0.280,-0.280
0.365,0.365,0.365
-0.062,-0.062,-0.062
-0.243,-0.243,-0.243
-0.356,-0.356,-0.356
-0.316,-0.316,-0.316
-0.332,-0.332,-0.332
-0.524,-0.524,-0.524
-0.660,-0.660,-0.660
-0.770,-0.770,-0.770
-0.842,-0.842,-0.842
-0.880,-0.880,-0.880
-0.888,-0.888,-0.888
-0.876,-0.876,-0.876
-0.857,-0.857,-0.857
-0.831,-0.831,-0.831
-0.801,-0.801,-0.801
-1.235,-1.235,-1.235
-1.161,-1.161,-1.161
-1.094,-1.094,-1.094
-1.049,-1.049,-1.049
-1.013,-1.013,-1.013
-0.972,-0.972,-0.972
-0.816,-0.816,-0.816
-0.709,-0.709,-0.709
-0.578,-0.578,-0.578
-0.464,-0.464,-0.464
-0.373,-0.373,-0.373
-0.312,-0.312,-0.312
-0.285,-0.285,-0.285
-0.413,-0.413,-0.413
-0.380,-0.380,-0.380
-0.349,-0.349,-0.349
-0.329,-0.329,-0.329
-0.317,-0.317,-0.317
-0.309,-0.309,-0.309
-0.301,-0.301,-0.301
-0.293,-0.293,-0.293
-0.283,-0.283,-0.283
-0.491,-0.491,-0.491
-0.494,-0.494,-0.494
-0.458,-0.458,-0.458
-0.418,-0.418,-0.418
-0.395,-0.395,-0.395
-0.434,-0.434,-0.434
-0.384,-0.384,-0.384
-0.332,-0.332,-0.332
-0.285,-0.285,-0.285
-0.245,-0.245,-0.245
-0.209,-0.209,-0.209
-0.177,-0.177,-0.177
-0.147,-0.147,-0.147
-0.120,-0.120,-0.120
-1.625,-1.625,-1.625
-1.169,-1.169,-1.169
-1.164,-1.164,-1.164
-1.069,-1.069,-1.069
0.476,0.476,0.476
0.274,0.274,0.274
0.103,0.103,0.103
0.035,0.035,0.035
0.011,0.011,0.011
-0.028,-0.028,-0.028
-0.596,-0.596,-0.596
0.520,0.520,0.520
0.571,0.571,0.571
0.524,0.524,0.524
0.514,0.514,0.514
0.514,0.514,0.514
0.506,0.506,0.506
0.495,0.495,0.495
0.493,0.493,0.493
0.463,0.463,0.463
0.457,0.457,0.457
0.449,0.449,0.449
0.439,0.439,0.439
0.428,0.428,0.428
0.418,0.418,0.418
0.406,0.406,0.406
0.396,0.396,0.396
0.386,0.386,0.386
-0.147,-0.147,-0.147
-0.061,-0.061,-0.061
-0.008,-0.008,-0.008
0.066,0.066,0.066
0.130,0.130,0.130
0.184,0.184,0.184
0.229,0.229,0.229
0.267,0.267,0.267
0.298,0.298,0.298
0.323,0.323,0.323
0.344,0.344,0.344
0.360,0.360,0.360
0.373,0.373,0.373
0.382,0.382,0.382
0.390,0.390,0.390
0.395,0.395,0.395
0.663,0.663,0.663
0.626,0.626,0.626
0.609,0.609,0.609
0.560,0.560,0.560
0.535,0.535,0.535
0.511,0.511,0.511
0.490,0.490,0.490
0.470,0.470,0.470
0.453,0.453,0.453
0.438,0.438,0.438
0.425,0.425,0.425
-0.291,-0.291,-0.291
0.066,0.066,0.066
0.275,0.275,0.275
0.333,0.333,0.333
0.342,0.342,0.342
0.401,0.401,0.401
0.487,0.487,0.487
0.332,0.332,0.332
0.338,0.338,0.338
1.310,1.310,1.310
1.247,1.247,1.247
0.751,0.751,0.751
0.612,0.612,0.612
-0.134,-0.134,-0.134
0.213,0.213,0.213
-0.212,-0.212,-0.212
-0.569,-0.569,-0.569
-0.776,-0.776,-0.776
-0.915,-0.915,-0.915
-1.082,-1.082,-1.082
-1.240,-1.240,-1.240
-1.382,-1.382,-1.382
-1.504,-1.504,-1.504
-1.605,-1.605,-1.605
-1.679,-1.679,-1.679
-1.729,-1.729,-1.729
-1.750,-1.750,-1.750
-1.745,-1.745,-1.745
-1.714,-1.714,-1.714
-1.658,-1.658,-1.658
-1.578,-1.578,-1.578
-1.201,-1.201,-1.201
-1.061,-1.061,-1.061
-0.918,-0.918,-0.918
-0.770,-0.770,-0.770
-0.624,-0.624,-0.624
-0.490,-0.490,-0.490
-0.376,-0.376,-0.376
-0.286,-0.286,-0.286
-0.226,-0.226,-0.226
-0.192,-0.192,-0.192
-0.176,-0.176,-0.176
-0.171,-0.171,-0.171
-0.170,-0.170,-0.170
-0.171,-0.171,-0.171
-0.172,-0.172,-0.172
-0.169,-0.169,-0.169
-0.482,-0.482,-0.482
-0.484,-0.484,-0.484
-0.426,-0.426,-0.426
-0.363,-0.363,-0.363
-0.318,-0.318,-0.318
-0.512,-0.512,-0.512
-0.426,-0.426,-0.426
-0.321,-0.321,-0.321
-0.233,-0.233,-0.233
-0.161,-0.161,-0.161
3.508,3.508,3.508
2.312,2.312,2.312
1.896,1.896,1.896
1.756,1.756,1.756
1.694,1.694,1.694
1.799,1.799,1.799
2.062,2.062,2.062
1.877,1.877,1.877
0.701,0.701,0.701
-0.323,-0.323,-0.323
-1.991,-1.991,-1.991
-0.565,-0.565,-0.565
-0.328,-0.328,-0.328
-0.225,-0.225,-0.225
-0.550,-0.550,-0.550
0.542,0.542,0.542
0.537,0.537,0.537
0.534,0.534,0.534
0.503,0.503,0.503
0.497,0.497,0.497
0.484,0.484,0.484
0.473,0.473,0.473
0.470,0.470,0.470
0.443,0.443,0.443
0.439,0.439,0.439
0.433,0.433,0.433
0.425,0.425,0.425
0.415,0.415,0.415
0.405,0.405,0.405
0.394,0.394,0.394
0.382,0.382,0.382
0.369,0.369,0.369
-0.120,-0.120,-0.120
-0.028,-0.028,-0.028
0.050,0.050,0.050
0.116,0.116,0.116
0.172,0.172,0.172
0.219,0.219,0.219
0.260,0.260,0.260
0.278,0.278,0.278
0.311,0.311,0.311
0.334,0.334,0.334
0.347,0.347,0.347
0.360,0.360,0.360
0.372,0.372,0.372
0.381,0.381,0.381
0.388,0.388,0.388
0.394,0.394,0.394
0.678,0.678,0.678
0.634,0.634,0.634
0.595,0.595,0.595
0.560,0.560,0.560
0.529,0.529,0.529
0.502,0.502,0.502
0.478,0.478,0.478
0.458,0.458,0.458
0.441,0.441,0.441
0.425,0.425,0.425
0.412,0.412,0.412
-0.272,-0.272,-0.272
0.034,0.034,0.034
0.267,0.267,0.267
0.338,0.338,0.338
0.376,0.376,0.376
0.424,0.424,0.424
0.413,0.413,0.413
0.345,0.345,0.345
0.335,0.335,0.335
1.591,1.591,1.591
1.249,1.249,1.249
0.723,0.723,0.723
0.512,0.512,0.512
0.063,0.063,0.063
0.678,0.678,0.678
0.196,0.196,0.196
-0.216,-0.216,-0.216
-0.437,-0.437,-0.437
-0.679,-0.679,-0.679
-0.926,-0.926,-0.926
-1.157,-1.157,-1.157
-1.368,-1.368,-1.368
-1.555,-1.555,-1.555
-1.714,-1.714,-1.714
-1.843,-1.843,-1.843
-1.940,-1.940,-1.940
-2.083,-2.083,-2.083
-2.104,-2.104,-2.104
-2.093,-2.093,-2.093
-2.053,-2.053,-2.053
-1.982,-1.982,-1.982
-1.608,-1.608,-1.608
-1.469,-1.469,-1.469
-1.322,-1.322,-1.322
-1.166,-1.166,-1.166
-1.014,-1.014,-1.014
-0.874,-0.874,-0.874
-0.746,-0.746,-0.746
-0.631,-0.631,-0.631
-0.530,-0.530,-0.530
-0.417,-0.417,-0.417
-0.436,-0.436,-0.436
-0.365,-0.365,-0.365
-0.299,-0.299,-0.299
-0.247,-0.247,-0.247
-0.198,-0.198,-0.198
-0.156,-0.156,-0.156
-0.499,-0.499,-0.499
-0.449,-0.449,-0.449
-0.321,-0.321,-0.321
-0.197,-0.197,-0.197
-0.092,-0.092,-0.092
-0.005,-0.005,-0.005
0.067,0.067,0.067
0.126,0.126,0.126
0.174,0.174,0.174
2.671,2.671,2.671
2.199,2.199,2.199
1.920,1.920,1.920
1.765,1.765,1.765
1.644,1.644,1.644
1.577,1.577,1.577
1.650,1.650,1.650
1.867,1.867,1.867
2.058,2.058,2.058
1.656,1.656,1.656
-0.086,-0.086,-0.086
-1.469,-1.469,-1.469
-0.210,-0.210,-0.210
-0.235,-0.235,-0.235
-0.127,-0.127,-0.127
-0.409,-0.409,-0.409
0.565,0.565,0.565
0.543,0.543,0.543
0.532,0.532,0.532
0.487,0.487,0.487
0.484,0.484,0.484
0.477,0.477,0.477
0.470,0.470,0.470
0.462,0.462,0.462
0.453,0.453,0.453
0.444,0.444,0.444
0.435,0.435,0.435
0.424,0.424,0.424
0.413,0.413,0.413
0.400,0.400,0.400
0.387,0.387,0.387
0.412,0.412,0.412
0.309,0.309,0.309
-0.142,-0.142,-0.142
-0.025,-0.025,-0.025
0.067,0.067,0.067
0.143,0.143,0.143
0.204,0.204,0.204
0.253,0.253,0.253
0.294,0.294,0.294
0.326,0.326,0.326
0.352,0.352,0.352
0.373,0.373,0.373
0.400,0.400,0.400
0.328,0.328,0.328
0.379,0.379,0.379
0.414,0.414,0.414
0.437,0.437,0.437
0.450,0.450,0.450
0.825,0.825,0.825
0.744,0.744,0.744
0.679,0.679,0.679
0.624,0.624,0.624
0.580,0.580,0.580
0.551,0.551,0.551
0.547,0.547,0.547
0.479,0.479,0.479
0.457,0.457,0.457
-0.396,-0.396,-0.396
-0.380,-0.380,-0.380
0.088,0.088,0.088
0.273,0.273,0.273
0.290,0.290,0.290
0.319,0.319,0.319
0.356,0.356,0.356
0.360,0.360,0.360
0.356,0.356,0.356
0.369,0.369,0.369
0.506,0.506,0.506
0.331,0.331,0.331
0.323,0.323,0.323
0.399,0.399,0.399
0.294,0.294,0.294
1.782,1.782,1.782
1.634,1.634,1.634
1.218,1.218,1.218
1.079,1.079,1.079
0.541,0.541,0.541
0.194,0.194,0.194
-0.145,-0.145,-0.145
-0.469,-0.469,-0.469
-0.765,-0.765,-0.765
-1.034,-1.034,-1.034
-1.271,-1.271,-1.271
-1.473,-1.473,-1.473
-1.648,-1.648,-1.648
-2.310,-2.310,-2.310
-2.340,-2.340,-2.340
-2.333,-2.333,-2.333
-2.301,-2.301,-2.301
-2.199,-2.199,-2.199
-1.899,-1.899,-1.899
-1.886,-1.886,-1.886
-1.879,-1.879,-1.879
-1.814,-1.814,-1.814
-1.710,-1.710,-1.710
-1.594,-1.594,-1.594
-1.437,-1.437,-1.437
-1.631,-1.631,-1.631
-1.509,-1.509,-1.509
-1.366,-1.366,-1.366
-1.229,-1.229,-1.229
-1.094,-1.094,-1.094
-0.954,-0.954,-0.954
-0.804,-0.804,-0.804
-0.648,-0.648,-0.648
-0.484,-0.484,-0.484
-0.853,-0.853,-0.853
-0.594,-0.594,-0.594
-0.131,-0.131,-0.131
-0.555,-0.555,-0.555
-0.255,-0.255,-0.255
0.097,0.097,0.097
0.415,0.415,0.415
0.703,0.703,0.703
0.975,0.975,0.975
4.519,4.519,4.519
2.482,2.482,2.482
1.879,1.879,1.879
1.740,1.740,1.740
1.897,1.897,1.897
1.868,1.868,1.868
1.733,1.733,1.733
1.613,1.613,1.613
1.536,1.536,1.536
1.576,1.576,1.576
1.762,1.762,1.762
0.823,0.823,0.823
-0.114,-0.114,-0.114
-0.665,-0.665,-0.665
-0.890,-0.890,-0.890
0.036,0.036,0.036
0.830,0.830,0.830
0.763,0.763,0.763
0.666,0.666,0.666
0.562,0.562,0.562
0.512,0.512,0.512
0.470,0.470,0.470
0.439,0.439,0.439
0.419,0.419,0.419
0.405,0.405,0.405
0.392,0.392,0.392
0.377,0.377,0.377
0.421,0.421,0.421
0.290,0.290,0.290
0.289,0.289,0.289
0.269,0.269,0.269
0.221,0.221,0.221
0.183,0.183,0.183
-0.282,-0.282,-0.282
-0.068,-0.068,-0.068
0.041,0.041,0.041
0.155,0.155,0.155
0.246,0.246,0.246
0.313,0.313,0.313
0.367,0.367,0.367
0.410,0.410,0.410
0.443,0.443,0.443
0.472,0.472,0.472
0.474,0.474,0.474
0.489,0.489,0.489
0.496,0.496,0.496
0.497,0.497,0.497
0.493,0.493,0.493
0.484,0.484,0.484
0.958,0.958,0.958
0.770,0.770,0.770
0.646,0.646,0.646
0.562,0.562,0.562
0.510,0.510,0.510
0.472,0.472,0.472
0.398,0.398,0.398
0.362,0.362,0.362
0.337,0.337,0.337
0.317,0.317,0.317
0.301,0.301,0.301
-0.209,-0.209,-0.209
0.190,0.190,0.190
0.344,0.344,0.344
0.194,0.194,0.194
0.175,0.175,0.175
0.209,0.209,0.209
0.182,0.182,0.182
0.227,0.227,0.227
0.244,0.244,0.244
0.254,0.254,0.254
0.257,0.257,0.257
0.246,0.246,0.246
0.235,0.235,0.235
-0.272,-0.272,-0.272
1.234,1.234,1.234
1.183,1.183,1.183
1.914,1.914,1.914
2.305,2.305,2.305
2.225,2.225,2.225
1.391,1.391,1.391
0.431,0.431,0.431
-0.330,-0.330,-0.330
-1.261,-1.261,-1.261
-1.787,-1.787,-1.787
-2.239,-2.239,-2.239
-2.598,-2.598,-2.598
-2.689,-2.689,-2.689
-2.548,-2.548,-2.548
-2.256,-2.256,-2.256
-1.885,-1.885,-1.885
-1.724,-1.724,-1.724
-1.157,-1.157,-1.157
-1.194,-1.194,-1.194
-1.445,-1.445,-1.445
-1.731,-1.731,-1.731
-1.976,-1.976,-1.976
-2.158,-2.158,-2.158
-2.228,-2.228,-2.228
-2.444,-2.444,-2.444
-2.413,-2.413,-2.413
-2.319,-2.319,-2.319
-2.202,-2.202,-2.202
-2.080,-2.080,-2.080
-1.922,-1.922,-1.922
-1.876,-1.876,-1.876
-1.760,-1.760,-1.760
3.480,3.480,3.480
1.352,1.352,1.352
1.681,1.681,1.681
1.736,1.736,1.736
1.848,1.848,1.848
2.651,2.651,2.651
4.083,4.083,4.083
0.746,0.746,0.746
0.209,0.209,0.209
0.388,0.388,0.388
0.666,0.666,0.666
0.987,0.987,0.987
1.460,1.460,1.460
1.870,1.870,1.870
2.148,2.148,2.148
2.053,2.053,2.053
1.903,1.903,1.903
1.737,1.737,1.737
1.539,1.539,1.539
1.266,1.266,1.266
0.853,0.853,0.853
0.205,0.205,0.205
-0.179,-0.179,-0.179
-0.226,-0.226,-0.226
-1.873,-1.873,-1.873
0.767,0.767,0.767
0.935,0.935,0.935
0.750,0.750,0.750
0.821,0.821,0.821
0.753,0.753,0.753
0.579,0.579,0.579
0.386,0.386,0.386
0.418,0.418,0.418
0.413,0.413,0.413
0.393,0.393,0.393
0.355,0.355,0.355
0.321,0.321,0.321
0.300,0.300,0.300
0.250,0.250,0.250
0.224,0.224,0.224
0.140,0.140,0.140
0.044,0.044,0.044
-0.031,-0.031,-0.031
-0.510,-0.510,-0.510
-0.231,-0.231,-0.231
-0.009,-0.009,-0.009
0.112,0.112,0.112
0.241,0.241,0.241
0.343,0.343,0.343
0.420,0.420,0.420
0.481,0.481,0.481
0.527,0.527,0.527
0.562,0.562,0.562
0.581,0.581,0.581
0.586,0.586,0.586
0.599,0.599,0.599
0.602,0.602,0.602
0.594,0.594,0.594
0.564,0.564,0.564
1.404,1.404,1.404
0.766,0.766,0.766
0.983,0.983,0.983
0.786,0.786,0.786
0.666,0.666,0.666
0.584,0.584,0.584
0.339,0.339,0.339
0.240,0.240,0.240
0.170,0.170,0.170
0.218,0.218,0.218
0.129,0.129,0.129
0.119,0.119,0.119
0.167,0.167,0.167
0.191,0.191,0.191
0.160,0.160,0.160
0.186,0.186,0.186
-0.126,-0.126,-0.126
0.137,0.137,0.137
0.202,0.202,0.202
0.191,0.191,0.191
0.202,0.202,0.202
0.206,0.206,0.206
0.263,0.263,0.263
0.299,0.299,0.299
-0.209,-0.209,-0.209
-0.406,-0.406,-0.406
-0.394,-0.394,-0.394
-0.342,-0.342,-0.342
-5.000,-5.000,-5.000
-2.828,-2.828,-2.828
0.488,0.488,0.488
2.456,2.456,2.456
3.574,3.574,3.574
2.457,2.457,2.457
2.997,2.997,2.997
3.030,3.030,3.030
2.967,2.967,2.967
2.883,2.883,2.883
2.729,2.729,2.729
1.990,1.990,1.990
1.269,1.269,1.269
0.732,0.732,0.732
0.432,0.432,0.432
-0.403,-0.403,-0.403
-1.272,-1.272,-1.272
-2.009,-2.009,-2.009
-2.568,-2.568,-2.568
-2.952,-2.952,-2.952
-3.163,-3.163,-3.163
-3.235,-3.235,-3.235
-3.198,-3.198,-3.198
-3.070,-3.070,-3.070
-2.897,-2.897,-2.897
-2.693,-2.693,-2.693
-2.489,-2.489,-2.489
-2.281,-2.281,-2.281
2.304,2.304,2.304
2.685,2.685,2.685
2.068,2.068,2.068
2.449,2.449,2.449
0.983,0.983,0.983
1.192,1.192,1.192
1.480,1.480,1.480
0.916,0.916,0.916
-0.683,-0.683,-0.683
-0.773,-0.773,-0.773
-0.232,-0.232,-0.232
0.227,0.227,0.227
0.592,0.592,0.592
0.621,0.621,0.621
0.523,0.523,0.523
0.287,0.287,0.287
0.132,0.132,0.132
0.037,0.037,0.037
-0.063,-0.063,-0.063
-0.051,-0.051,-0.051
-0.113,-0.113,-0.113
-0.162,-0.162,-0.162
-0.137,-0.137,-0.137
-3.355,-3.355,-3.355
-2.944,-2.944,-2.944
-0.847,-0.847,-0.847
0.759,0.759,0.759
0.809,0.809,0.809
0.372,0.372,0.372
0.807,0.807,0.807
0.762,0.762,0.762
0.509,0.509,0.509
0.495,0.495,0.495
0.467,0.467,0.467
0.427,0.427,0.427
0.398,0.398,0.398
0.365,0.365,0.365
0.355,0.355,0.355
0.329,0.329,0.329
0.248,0.248,0.248
0.168,0.168,0.168
0.091,0.091,0.091
0.013,0.013,0.013
-0.056,-0.056,-0.056
-0.531,-0.531,-0.531
-0.237,-0.237,-0.237
-0.016,-0.016,-0.016
0.149,0.149,0.149
0.274,0.274,0.274
0.371,0.371,0.371
0.445,0.445,0.445
0.501,0.501,0.501
0.544,0.544,0.544
0.576,0.576,0.576
0.598,0.598,0.598
0.611,0.611,0.611
0.616,0.616,0.616
0.615,0.615,0.615
0.606,0.606,0.606
0.580,0.580,0.580
1.371,1.371,1.371
1.086,1.086,1.086
0.882,0.882,0.882
0.742,0.742,0.742
0.491,0.491,0.491
0.641,0.641,0.641
0.546,0.546,0.546
0.501,0.501,0.501
0.408,0.408,0.408
0.224,0.224,0.224
0.143,0.143,0.143
0.145,0.145,0.145
0.084,0.084,0.084
0.143,0.143,0.143
0.142,0.142,0.142
0.141,0.141,0.141
-0.123,-0.123,-0.123
0.099,0.099,0.099
0.147,0.147,0.147
0.234,0.234,0.234
0.204,0.204,0.204
0.219,0.219,0.219
0.206,0.206,0.206
0.253,0.253,0.253
-0.285,-0.285,-0.285
-0.410,-0.410,-0.410
-0.384,-0.384,-0.384
-0.318,-0.318,-0.318
-0.076,-0.076,-0.076
-5.000,-5.000,-5.000
0.476,0.476,0.476
-1.531,-1.531,-1.531
-1.284,-1.284,-1.284
1.956,1.956,1.956
2.929,2.929,2.929
3.133,3.133,3.133
3.146,3.146,3.146
3.110,3.110,3.110
2.932,2.932,2.932
2.661,2.661,2.661
1.957,1.957,1.957
1.274,1.274,1.274
0.716,0.716,0.716
0.098,0.098,0.098
-0.927,-0.927,-0.927
-1.797,-1.797,-1.797
-2.447,-2.447,-2.447
-2.902,-2.902,-2.902
-3.181,-3.181,-3.181
-3.306,-3.306,-3.306
-3.299,-3.299,-3.299
-3.191,-3.191,-3.191
-3.014,-3.014,-3.014
-2.800,-2.800,-2.800
-2.577,-2.577,-2.577
-2.357,-2.357,-2.357
-2.152,-2.152,-2.152
2.006,2.006,2.006
2.552,2.552,2.552
2.516,2.516,2.516
1.591,1.591,1.591
-0.705,-0.705,-0.705
-0.793,-0.793,-0.793
-0.101,-0.101,-0.101
0.505,0.505,0.505
0.763,0.763,0.763
0.701,0.701,0.701
0.593,0.593,0.593
0.506,0.506,0.506
0.394,0.394,0.394
0.305,0.305,0.305
0.090,0.090,0.090
1.890,1.890,1.890
2.714,2.714,2.714
2.539,2.539,2.539
2.180,2.180,2.180
1.757,1.757,1.757
1.295,1.295,1.295
1.195,1.195,1.195
-0.736,-0.736,-0.736
-0.875,-0.875,-0.875
-0.894,-0.894,-0.894
0.326,0.326,0.326
0.514,0.514,0.514
0.897,0.897,0.897
0.883,0.883,0.883
0.681,0.681,0.681
0.730,0.730,0.730
0.685,0.685,0.685
0.640,0.640,0.640
0.603,0.603,0.603
0.562,0.562,0.562
0.523,0.523,0.523
0.480,0.480,0.480
0.372,0.372,0.372
0.287,0.287,0.287
0.187,0.187,0.187
0.108,0.108,0.108
0.038,0.038,0.038
-0.015,-0.015,-0.015
-0.476,-0.476,-0.476
-0.215,-0.215,-0.215
-0.009,-0.009,-0.009
0.155,0.155,0.155
0.287,0.287,0.287
0.392,0.392,0.392
0.460,0.460,0.460
0.504,0.504,0.504
0.541,0.541,0.541
0.571,0.571,0.571
0.594,0.594,0.594
0.609,0.609,0.609
0.617,0.617,0.617
0.617,0.617,0.617
-0.213,-0.213,-0.213
-0.756,-0.756,-0.756
0.994,0.994,0.994
-0.339,-0.339,-0.339
0.882,0.882,0.882
0.931,0.931,0.931
0.810,0.810,0.810
0.883,0.883,0.883
0.444,0.444,0.444
0.284,0.284,0.284
0.226,0.226,0.226
0.216,0.216,0.216
0.210,0.210,0.210
0.210,0.210,0.210
0.259,0.259,0.259
0.232,0.232,0.232
0.203,0.203,0.203
0.174,0.174,0.174
0.021,0.021,0.021
0.130,0.130,0.130
0.241,0.241,0.241
0.073,0.073,0.073
0.148,0.148,0.148
0.498,0.498,0.498
2.284,2.284,2.284
2.710,2.710,2.710
3.384,3.384,3.384
2.852,2.852,2.852
0.067,0.067,0.067
-2.269,-2.269,-2.269
1.467,1.467,1.467
1.424,1.424,1.424
2.071,2.071,2.071
2.278,2.278,2.278
1.237,1.237,1.237
0.621,0.621,0.621
-0.047,-0.047,-0.047
-1.020,-1.020,-1.020
-1.976,-1.976,-1.976
-2.840,-2.840,-2.840
-3.303,-3.303,-3.303
-3.275,-3.275,-3.275
-2.928,-2.928,-2.928
-2.385,-2.385,-2.385
-1.659,-1.659,-1.659
-1.698,-1.698,-1.698
-2.005,-2.005,-2.005
-2.350,-2.350,-2.350
-2.642,-2.642,-2.642
-2.837,-2.837,-2.837
-2.943,-2.943,-2.943
-2.970,-2.970,-2.970
-2.910,-2.910,-2.910
-2.796,-2.796,-2.796
-2.658,-2.658,-2.658
-2.499,-2.499,-2.499
-2.325,-2.325,-2.325
-2.150,-2.150,-2.150
-1.983,-1.983,-1.983
-1.827,-1.827,-1.827
-2.640,-2.640,-2.640
-2.936,-2.936,-2.936
-2.910,-2.910,-2.910
-2.810,-2.810,-2.810
-2.680,-2.680,-2.680
-2.962,-2.962,-2.962
-2.546,-2.546,-2.546
-1.904,-1.904,-1.904
-0.723,-0.723,-0.723
0.386,0.386,0.386
0.986,0.986,0.986
1.275,1.275,1.275
1.405,1.405,1.405
1.498,1.498,1.498
1.343,1.343,1.343
1.064,1.064,1.064
3.451,3.451,3.451
3.983,3.983,3.983
3.511,3.511,3.511
2.765,2.765,2.765
2.295,2.295,2.295
1.874,1.874,1.874
1.625,1.625,1.625
1.504,1.504,1.504
0.449,0.449,0.449
0.769,0.769,0.769
0.534,0.534,0.534
0.404,0.404,0.404
0.715,0.715,0.715
0.726,0.726,0.726
0.665,0.665,0.665
0.625,0.625,0.625
0.590,0.590,0.590
0.551,0.551,0.551
0.512,0.512,0.512
0.467,0.467,0.467
0.409,0.409,0.409
0.351,0.351,0.351
0.252,0.252,0.252
0.158,0.158,0.158
0.065,0.065,0.065
-0.016,-0.016,-0.016
-0.470,-0.470,-0.470
-0.186,-0.186,-0.186
0.026,0.026,0.026
0.186,0.186,0.186
0.306,0.306,0.306
0.398,0.398,0.398
0.470,0.470,0.470
0.524,0.524,0.524
0.566,0.566,0.566
0.596,0.596,0.596
0.618,0.618,0.618
0.631,0.631,0.631
0.637,0.637,0.637
0.635,0.635,0.635
-0.482,-0.482,-0.482
-0.911,-0.911,-0.911
-0.753,-0.753,-0.753
-0.600,-0.600,-0.600
0.530,0.530,0.530
0.679,0.679,0.679
0.637,0.637,0.637
1.077,1.077,1.077
1.093,1.093,1.093
1.213,1.213,1.213
0.512,0.512,0.512
0.349,0.349,0.349
0.240,0.240,0.240
0.211,0.211,0.211
0.194,0.194,0.194
0.240,0.240,0.240
0.219,0.219,0.219
0.195,0.195,0.195
-1.473,-1.473,-1.473
-0.944,-0.944,-0.944
-0.686,-0.686,-0.686
-0.508,-0.508,-0.508
-0.276,-0.276,-0.276
0.038,0.038,0.038
-0.265,-0.265,-0.265
-0.243,-0.243,-0.243
0.121,0.121,0.121
0.491,0.491,0.491
0.858,0.858,0.858
-1.942,-1.942,-1.942
-1.290,-1.290,-1.290
-2.049,-2.049,-2.049
-2.929,-2.929,-2.929
-3.652,-3.652,-3.652
-4.177,-4.177,-4.177
-4.234,-4.234,-4.234
-4.115,-4.115,-4.115
-3.954,-3.954,-3.954
-3.799,-3.799,-3.799
-3.634,-3.634,-3.634
-3.436,-3.436,-3.436
-3.180,-3.180,-3.180
-2.834,-2.834,-2.834
-2.290,-2.290,-2.290
-1.512,-1.512,-1.512
-1.286,-1.286,-1.286
-1.408,-1.408,-1.408
-1.639,-1.639,-1.639
-1.902,-1.902,-1.902
-2.125,-2.125,-2.125
-2.278,-2.278,-2.278
-2.362,-2.362,-2.362
-2.385,-2.385,-2.385
-2.354,-2.354,-2.354
-2.282,-2.282,-2.282
-2.177,-2.177,-2.177
-2.057,-2.057,-2.057
-1.936,-1.936,-1.936
-1.802,-1.802,-1.802
-1.665,-1.665,-1.665
-2.304,-2.304,-2.304
-2.477,-2.477,-2.477
-1.901,-1.901,-1.901
-1.292,-1.292,-1.292
-0.240,-0.240,-0.240
0.540,0.540,0.540
0.902,0.902,0.902
0.831,0.831,0.831
0.715,0.715,0.715
0.614,0.614,0.614
0.489,0.489,0.489
0.398,0.398,0.398
0.322,0.322,0.322
0.082,0.082,0.082
-0.065,-0.065,-0.065
-0.183,-0.183,-0.183
-0.183,-0.183,-0.183
1.389,1.389,1.389
2.071,2.071,2.071
1.702,1.702,1.702
0.702,0.702,0.702
-3.358,-3.358,-3.358
-4.017,-4.017,-4.017
-3.969,-3.969,-3.969
0.546,0.546,0.546
0.748,0.748,0.748
0.917,0.917,0.917
0.747,0.747,0.747
0.659,0.659,0.659
0.563,0.563,0.563
0.508,0.508,0.508
0.476,0.476,0.476
0.455,0.455,0.455
0.438,0.438,0.438
0.419,0.419,0.419
0.372,0.372,0.372
0.307,0.307,0.307
0.246,0.246,0.246
0.180,0.180,0.180
0.108,0.108,0.108
0.033,0.033,0.033
-0.034,-0.034,-0.034
-0.486,-0.486,-0.486
-0.189,-0.189,-0.189
0.034,0.034,0.034
0.201,0.201,0.201
0.327,0.327,0.327
0.422,0.422,0.422
0.495,0.495,0.495
0.549,0.549,0.549
0.590,0.590,0.590
0.618,0.618,0.618
0.637,0.637,0.637
0.648,0.648,0.648
0.651,0.651,0.651
0.647,0.647,0.647
0.634,0.634,0.634
0.600,0.600,0.600
0.430,0.430,0.430
1.443,1.443,1.443
0.843,0.843,0.843
0.549,0.549,0.549
0.414,0.414,0.414
0.263,0.263,0.263
0.229,0.229,0.229
0.220,0.220,0.220
0.222,0.222,0.222
0.224,0.224,0.224
-0.053,-0.053,-0.053
0.004,0.004,0.004
0.303,0.303,0.303
0.279,0.279,0.279
0.269,0.269,0.269
0.224,0.224,0.224
0.045,0.045,0.045
0.168,0.168,0.168
0.199,0.199,0.199
0.211,0.211,0.211
0.228,0.228,0.228
0.253,0.253,0.253
0.203,0.203,0.203
0.214,0.214,0.214
0.110,0.110,0.110
0.126,0.126,0.126
-0.859,-0.859,-0.859
-0.517,-0.517,-0.517
-4.751,-4.751,-4.751
-0.329,-0.329,-0.329
1.853,1.853,1.853
2.633,2.633,2.633
2.962,2.962,2.962
3.110,3.110,3.110
3.082,3.082,3.082
3.031,3.031,3.031
2.987,2.987,2.987
2.948,2.948,2.948
2.694,2.694,2.694
1.960,1.960,1.960
0.889,0.889,0.889
0.089,0.089,0.089
-0.143,-0.143,-0.143
-0.725,-0.725,-0.725
-1.250,-1.250,-1.250
-1.708,-1.708,-1.708
-2.113,-2.113,-2.113
-2.465,-2.465,-2.465
-2.757,-2.757,-2.757
-2.981,-2.981,-2.981
-3.129,-3.129,-3.129
-3.149,-3.149,-3.149
-3.048,-3.048,-3.048
-2.871,-2.871,-2.871
-2.657,-2.657,-2.657
-2.430,-2.430,-2.430
-2.215,-2.215,-2.215
-2.000,-2.000,-2.000
2.923,2.923,2.923
2.848,2.848,2.848
-0.134,-0.134,-0.134
-0.536,-0.536,-0.536
0.017,0.017,0.017
0.365,0.365,0.365
0.924,0.924,0.924
1.154,1.154,1.154
1.147,1.147,1.147
0.998,0.998,0.998
0.891,0.891,0.891
1.635,1.635,1.635
3.714,3.714,3.714
3.484,3.484,3.484
3.430,3.430,3.430
3.044,3.044,3.044
2.710,2.710,2.710
2.339,2.339,2.339
2.100,2.100,2.100
1.621,1.621,1.621
0.407,0.407,0.407
-0.319,-0.319,-0.319
0.756,0.756,0.756
-1.114,-1.114,-1.114
0.330,0.330,0.330
0.516,0.516,0.516
0.757,0.757,0.757
0.660,0.660,0.660
0.676,0.676,0.676
0.681,0.681,0.681
0.669,0.669,0.669
0.644,0.644,0.644
0.601,0.601,0.601
0.565,0.565,0.565
0.523,0.523,0.523
0.479,0.479,0.479
0.431,0.431,0.431
0.374,0.374,0.374
0.292,0.292,0.292
0.211,0.211,0.211
0.108,0.108,0.108
0.010,0.010,0.010
-0.457,-0.457,-0.457
-0.183,-0.183,-0.183
0.020,0.020,0.020
0.174,0.174,0.174
0.294,0.294,0.294
0.384,0.384,0.384
0.450,0.450,0.450
0.502,0.502,0.502
0.542,0.542,0.542
0.574,0.574,0.574
0.597,0.597,0.597
0.613,0.613,0.613
0.621,0.621,0.621
0.620,0.620,0.620
-1.002,-1.002,-1.002
-0.595,-0.595,-0.595
-0.776,-0.776,-0.776
-0.837,-0.837,-0.837
0.371,0.371,0.371
0.444,0.444,0.444
0.348,0.348,0.348
0.550,0.550,0.550
1.176,1.176,1.176
1.123,1.123,1.123
1.140,1.140,1.140
0.712,0.712,0.712
0.387,0.387,0.387
0.269,0.269,0.269
0.241,0.241,0.241
-1.731,-1.731,-1.731
-1.183,-1.183,-1.183
-0.938,-0.938,-0.938
-0.817,-0.817,-0.817
-0.721,-0.721,-0.721
-0.649,-0.649,-0.649
-0.587,-0.587,-0.587
-0.517,-0.517,-0.517
-0.477,-0.477,-0.477
-0.412,-0.412,-0.412
-0.365,-0.365,-0.365
-0.132,-0.132,-0.132
0.229,0.229,0.229
0.601,0.601,0.601
-2.265,-2.265,-2.265
-1.215,-1.215,-1.215
-1.536,-1.536,-1.536
-2.395,-2.395,-2.395
-3.117,-3.117,-3.117
-3.656,-3.656,-3.656
-4.080,-4.080,-4.080
-4.146,-4.146,-4.146
-4.035,-4.035,-4.035
-3.867,-3.867,-3.867
-3.675,-3.675,-3.675
-3.449,-3.449,-3.449
-3.167,-3.167,-3.167
-2.748,-2.748,-2.748
-2.230,-2.230,-2.230
-1.352,-1.352,-1.352
-1.187,-1.187,-1.187
-1.356,-1.356,-1.356
-1.629,-1.629,-1.629
-1.906,-1.906,-1.906
-2.140,-2.140,-2.140
-2.303,-2.303,-2.303
-2.386,-2.386,-2.386
-2.402,-2.402,-2.402
-2.354,-2.354,-2.354
-2.260,-2.260,-2.260
-2.143,-2.143,-2.143
-1.899,-1.899,-1.899
-1.574,-1.574,-1.574
-1.211,-1.211,-1.211
-0.841,-0.841,-0.841
-1.336,-1.336,-1.336
-0.834,-0.834,-0.834
-0.375,-0.375,-0.375
-0.110,-0.110,-0.110
0.048,0.048,0.048
0.144,0.144,0.144
0.195,0.195,0.195
0.219,0.219,0.219
0.215,0.215,0.215
0.208,0.208,0.208
0.189,0.189,0.189
0.162,0.162,0.162
0.058,0.058,0.058
0.078,0.078,0.078
0.040,0.040,0.040
-4.233,-4.233,-4.233
-5.000,-5.000,-5.000
-5.000,-5.000,-5.000
-4.416,-4.416,-4.416
-3.968,-3.968,-3.968
-3.624,-3.624,-3.624
-3.341,-3.341,-3.341
-3.103,-3.103,-3.103
-2.901,-2.901,-2.901
0.301,0.301,0.301
0.591,0.591,0.591
0.835,0.835,0.835
0.774,0.774,0.774
0.685,0.685,0.685
0.598,0.598,0.598
0.541,0.541,0.541
0.505,0.505,0.505
0.476,0.476,0.476
0.439,0.439,0.439
0.405,0.405,0.405
0.359,0.359,0.359
0.303,0.303,0.303
0.243,0.243,0.243
0.174,0.174,0.174
0.101,0.101,0.101
0.011,0.011,0.011
-0.057,-0.057,-0.057
-0.526,-0.526,-0.526
-0.211,-0.211,-0.211
0.025,0.025,0.025
0.202,0.202,0.202
0.334,0.334,0.334
0.432,0.432,0.432
0.501,0.501,0.501
0.532,0.532,0.532
0.562,0.562,0.562
0.578,0.578,0.578
0.588,0.588,0.588
0.592,0.592,0.592
0.591,0.591,0.591
0.591,0.591,0.591
0.554,0.554,0.554
0.523,0.523,0.523
1.074,1.074,1.074
0.779,0.779,0.779
0.584,0.584,0.584
0.449,0.449,0.449
0.360,0.360,0.360
0.305,0.305,0.305
0.270,0.270,0.270
0.250,0.250,0.250
0.237,0.237,0.237
0.229,0.229,0.229
0.224,0.224,0.224
0.220,0.220,0.220
0.215,0.215,0.215
0.214,0.214,0.214
0.210,0.210,0.210
0.255,0.255,0.255
0.225,0.225,0.225
0.196,0.196,0.196
0.167,0.167,0.167
0.165,0.165,0.165
0.165,0.165,0.165
0.176,0.176,0.176
0.301,0.301,0.301
1.275,1.275,1.275
2.601,2.601,2.601
2.876,2.876,2.876
1.303,1.303,1.303
-1.609,-1.609,-1.609
1.281,1.281,1.281
1.712,1.712,1.712
1.163,1.163,1.163
0.238,0.238,0.238
-0.652,-0.652,-0.652
-1.468,-1.468,-1.468
-2.197,-2.197,-2.197
-2.833,-2.833,-2.833
-3.347,-3.347,-3.347
-3.526,-3.526,-3.526
-3.376,-3.376,-3.376
-2.996,-2.996,-2.996
-2.452,-2.452,-2.452
-1.834,-1.834,-1.834
-1.072,-1.072,-1.072
-1.091,-1.091,-1.091
-1.396,-1.396,-1.396
-1.773,-1.773,-1.773
-2.108,-2.108,-2.108
-2.362,-2.362,-2.362
-2.525,-2.525,-2.525
-2.598,-2.598,-2.598
-2.591,-2.591,-2.591
-2.525,-2.525,-2.525
-2.421,-2.421,-2.421
-2.292,-2.292,-2.292
-2.149,-2.149,-2.149
-2.002,-2.002,-2.002
-1.859,-1.859,-1.859
-1.734,-1.734,-1.734
-2.399,-2.399,-2.399
-2.581,-2.581,-2.581
-2.424,-2.424,-2.424
-2.018,-2.018,-2.018
-1.578,-1.578,-1.578
-0.564,-0.564,-0.564
0.641,0.641,0.641
1.358,1.358,1.358
1.497,1.497,1.497
1.167,1.167,1.167
0.881,0.881,0.881
0.649,0.649,0.649
0.498,0.498,0.498
3.072,3.072,3.072
4.154,4.154,4.154
3.637,3.637,3.637
3.107,3.107,3.107
2.745,2.745,2.745
2.615,2.615,2.615
2.252,2.252,2.252
1.818,1.818,1.818
0.310,0.310,0.310
-0.657,-0.657,-0.657
0.679,0.679,0.679
0.291,0.291,0.291
0.859,0.859,0.859
0.550,0.550,0.550
0.312,0.312,0.312
0.312,0.312,0.312
0.474,0.474,0.474
0.817,0.817,0.817
0.653,0.653,0.653
0.609,0.609,0.609
0.369,0.369,0.369
0.534,0.534,0.534
0.490,0.490,0.490
0.442,0.442,0.442
0.386,0.386,0.386
0.333,0.333,0.333
0.234,0.234,0.234
0.135,0.135,0.135
0.024,0.024,0.024
-0.447,-0.447,-0.447
-0.174,-0.174,-0.174
0.029,0.029,0.029
0.180,0.180,0.180
0.294,0.294,0.294
0.382,0.382,0.382
0.450,0.450,0.450
0.503,0.503,0.503
0.545,0.545,0.545
0.576,0.576,0.576
0.599,0.599,0.599
0.614,0.614,0.614
0.622,0.622,0.622
0.621,0.621,0.621
-0.176,-0.176,-0.176
-1.202,-1.202,-1.202
0.892,0.892,0.892
-0.286,-0.286,-0.286
0.868,0.868,0.868
0.885,0.885,0.885
0.801,0.801,0.801
1.107,1.107,1.107
0.498,0.498,0.498
0.292,0.292,0.292
0.227,0.227,0.227
0.219,0.219,0.219
0.208,0.208,0.208
0.205,0.205,0.205
0.200,0.200,0.200
0.252,0.252,0.252
0.226,0.226,0.226
0.197,0.197,0.197
0.167,0.167,0.167
0.160,0.160,0.160
0.146,0.146,0.146
0.153,0.153,0.153
-0.079,-0.079,-0.079
0.894,0.894,0.894
2.021,2.021,2.021
2.275,2.275,2.275
0.129,0.129,0.129
0.575,0.575,0.575
0.966,0.966,0.966
-1.029,-1.029,-1.029
1.914,1.914,1.914
1.905,1.905,1.905
1.582,1.582,1.582
0.756,0.756,0.756
-0.232,-0.232,-0.232
-1.206,-1.206,-1.206
-2.111,-2.111,-2.111
-2.926,-2.926,-2.926
-3.585,-3.585,-3.585
-3.804,-3.804,-3.804
-3.670,-3.670,-3.670
-3.287,-3.287,-3.287
-2.735,-2.735,-2.735
-2.097,-2.097,-2.097
-1.338,-1.338,-1.338
-1.373,-1.373,-1.373
-1.694,-1.694,-1.694
-2.057,-2.057,-2.057
-2.371,-2.371,-2.371
-2.599,-2.599,-2.599
-2.735,-2.735,-2.735
-2.786,-2.786,-2.786
-2.762,-2.762,-2.762
-2.671,-2.671,-2.671
-2.542,-2.542,-2.542
-2.393,-2.393,-2.393
-2.240,-2.240,-2.240
-2.085,-2.085,-2.085
-1.930,-1.930,-1.930
-1.782,-1.782,-1.782
-2.591,-2.591,-2.591
-2.876,-2.876,-2.876
-2.846,-2.846,-2.846
-2.715,-2.715,-2.715
-2.500,-2.500,-2.500
-2.672,-2.672,-2.672
-1.781,-1.781,-1.781
-0.604,-0.604,-0.604
0.556,0.556,0.556
1.239,1.239,1.239
1.402,1.402,1.402
1.490,1.490,1.490
1.285,1.285,1.285
1.024,1.024,1.024
0.781,0.781,0.781
0.585,0.585,0.585
3.308,3.308,3.308
3.991,3.991,3.991
3.357,3.357,3.357
2.871,2.871,2.871
2.271,2.271,2.271
1.828,1.828,1.828
1.517,1.517,1.517
0.728,0.728,0.728
0.352,0.352,0.352
0.806,0.806,0.806
0.721,0.721,0.721
0.730,0.730,0.730
0.684,0.684,0.684
0.688,0.688,0.688
0.680,0.680,0.680
0.614,0.614,0.614
0.584,0.584,0.584
0.549,0.549,0.549
0.499,0.499,0.499
0.433,0.433,0.433
0.326,0.326,0.326
0.242,0.242,0.242
0.185,0.185,0.185
0.129,0.129,0.129
0.067,0.067,0.067
-0.012,-0.012,-0.012
-0.477,-0.477,-0.477
-0.193,-0.193,-0.193
0.019,0.019,0.019
0.176,0.176,0.176
0.303,0.303,0.303
0.400,0.400,0.400
0.479,0.479,0.479
0.533,0.533,0.533
0.569,0.569,0.569
0.595,0.595,0.595
0.614,0.614,0.614
0.626,0.626,0.626
0.631,0.631,0.631
0.630,0.630,0.630
0.617,0.617,0.617
-1.206,-1.206,-1.206
0.694,0.694,0.694
1.003,1.003,1.003
1.379,1.379,1.379
0.735,0.735,0.735
0.457,0.457,0.457
0.307,0.307,0.307
0.272,0.272,0.272
0.254,0.254,0.254
0.236,0.236,0.236
0.229,0.229,0.229
0.221,0.221,0.221
0.220,0.220,0.220
0.216,0.216,0.216
0.081,0.081,0.081
0.208,0.208,0.208
0.221,0.221,0.221
0.208,0.208,0.208
0.195,0.195,0.195
0.187,0.187,0.187
0.235,0.235,0.235
0.191,0.191,0.191
0.181,0.181,0.181
0.163,0.163,0.163
0.241,0.241,0.241
0.099,0.099,0.099
4.236,4.236,4.236
-0.126,-0.126,-0.126
-1.631,-1.631,-1.631
-0.543,-0.543,-0.543
1.617,1.617,1.617
2.586,2.586,2.586
3.000,3.000,3.000
3.001,3.001,3.001
2.607,2.607,2.607
2.242,2.242,2.242
1.677,1.677,1.677
1.001,1.001,1.001
0.713,0.713,0.713
0.536,0.536,0.536
-0.035,-0.035,-0.035
-0.540,-0.540,-0.540
-0.921,-0.921,-0.921
-0.900,-0.900,-0.900
-1.313,-1.313,-1.313
-1.863,-1.863,-1.863
-2.387,-2.387,-2.387
-2.816,-2.816,-2.816
-3.119,-3.119,-3.119
-3.277,-3.277,-3.277
-3.310,-3.310,-3.310
-3.233,-3.233,-3.233
-3.084,-3.084,-3.084
-2.895,-2.895,-2.895
-2.684,-2.684,-2.684
-2.466,-2.466,-2.466
-2.262,-2.262,-2.262
2.446,2.446,2.446
2.454,2.454,2.454
1.923,1.923,1.923
2.223,2.223,2.223
0.788,0.788,0.788
1.249,1.249,1.249
2.005,2.005,2.005
2.802,2.802,2.802
0.124,0.124,0.124
0.269,0.269,0.269
0.757,0.757,0.757
0.928,0.928,0.928
0.861,0.861,0.861
0.795,0.795,0.795
0.627,0.627,0.627
0.370,0.370,0.370
0.183,0.183,0.183
0.012,0.012,0.012
-0.009,-0.009,-0.009
1.324,1.324,1.324
1.903,1.903,1.903
1.706,1.706,1.706
-3.048,-3.048,-3.048
-1.615,-1.615,-1.615
-2.618,-2.618,-2.618
-2.379,-2.379,-2.379
0.350,0.350,0.350
0.637,0.637,0.637
0.926,0.926,0.926
0.781,0.781,0.781
0.628,0.628,0.628
0.550,0.550,0.550
0.487,0.487,0.487
0.450,0.450,0.450
0.414,0.414,0.414
0.399,0.399,0.399
0.387,0.387,0.387
0.371,0.371,0.371
0.325,0.325,0.325
0.243,0.243,0.243
0.171,0.171,0.171
0.096,0.096,0.096
0.020,0.020,0.020
-0.049,-0.049,-0.049
-0.521,-0.521,-0.521
-0.225,-0.225,-0.225
-0.003,-0.003,-0.003
0.164,0.164,0.164
0.290,0.290,0.290
0.386,0.386,0.386
0.459,0.459,0.459
0.515,0.515,0.515
0.557,0.557,0.557
0.587,0.587,0.587
0.608,0.608,0.608
0.620,0.620,0.620
0.625,0.625,0.625
0.624,0.624,0.624
0.614,0.614,0.614
0.588,0.588,0.588
1.367,1.367,1.367
1.085,1.085,1.085
0.887,0.887,0.887
0.755,0.755,0.755
0.533,0.533,0.533
0.351,0.351,0.351
0.242,0.242,0.242
0.218,0.218,0.218
0.266,0.266,0.266
0.196,0.196,0.196
0.146,0.146,0.146
0.176,0.176,0.176
0.178,0.178,0.178
0.177,0.177,0.177
0.181,0.181,0.181
-0.174,-0.174,-0.174
0.152,0.152,0.152
0.174,0.174,0.174
0.192,0.192,0.192
0.263,0.263,0.263
0.243,0.243,0.243
0.190,0.190,0.190
0.245,0.245,0.245
0.288,0.288,0.288
0.125,0.125,0.125
-0.467,-0.467,-0.467
-0.413,-0.413,-0.413
-3.503,-3.503,-3.503
-0.722,-0.722,-0.722
1.580,1.580,1.580
2.584,2.584,2.584
3.431,3.431,3.431
2.380,2.380,2.380
2.825,2.825,2.825
2.810,2.810,2.810
2.525,2.525,2.525
1.900,1.900,1.900
0.766,0.766,0.766
-0.364,-0.364,-0.364
-1.097,-1.097,-1.097
-1.404,-1.404,-1.404
-1.377,-1.377,-1.377
-0.966,-0.966,-0.966
-1.218,-1.218,-1.218
-1.678,-1.678,-1.678
-2.125,-2.125,-2.125
-2.490,-2.490,-2.490
-2.748,-2.748,-2.748
-2.884,-2.884,-2.884
-2.928,-2.928,-2.928
-2.875,-2.875,-2.875
-2.771,-2.771,-2.771
-2.615,-2.615,-2.615
-2.444,-2.444,-2.444
-2.269,-2.269,-2.269
-2.094,-2.094,-2.094
2.541,2.541,2.541
2.708,2.708,2.708
2.148,2.148,2.148
2.442,2.442,2.442
1.020,1.020,1.020
1.319,1.319,1.319
1.681,1.681,1.681
0.483,0.483,0.483
-0.595,-0.595,-0.595
-0.607,-0.607,-0.607
-0.079,-0.079,-0.079
0.352,0.352,0.352
0.657,0.657,0.657
0.635,0.635,0.635
0.515,0.515,0.515
0.282,0.282,0.282
0.122,0.122,0.122
0.030,0.030,0.030
-0.063,-0.063,-0.063
-0.066,-0.066,-0.066
-0.109,-0.109,-0.109
-0.156,-0.156,-0.156
-0.191,-0.191,-0.191
-0.192,-0.192,-0.192
-1.746,-1.746,-1.746
-2.234,-2.234,-2.234
0.777,0.777,0.777
0.950,0.950,0.950
0.736,0.736,0.736
0.823,0.823,0.823
0.705,0.705,0.705
0.449,0.449,0.449
0.480,0.480,0.480
0.417,0.417,0.417
0.409,0.409,0.409
0.389,0.389,0.389
0.354,0.354,0.354
0.319,0.319,0.319
0.283,0.283,0.283
0.252,0.252,0.252
0.215,0.215,0.215
0.119,0.119,0.119
0.023,0.023,0.023
-0.053,-0.053,-0.053
-0.531,-0.531,-0.531
-0.241,-0.241,-0.241
-0.023,-0.023,-0.023
0.141,0.141,0.141
0.265,0.265,0.265
0.360,0.360,0.360
0.435,0.435,0.435
0.491,0.491,0.491
0.535,0.535,0.535
0.567,0.567,0.567
0.589,0.589,0.589
0.604,0.604,0.604
0.610,0.610,0.610
0.609,0.609,0.609
0.600,0.600,0.600
0.574,0.574,0.574
1.369,1.369,1.369
1.084,1.084,1.084
0.880,0.880,0.880
0.739,0.739,0.739
0.646,0.646,0.646
0.579,0.579,0.579
0.416,0.416,0.416
0.283,0.283,0.283
0.193,0.193,0.193
0.196,0.196,0.196
0.172,0.172,0.172
0.117,0.117,0.117
0.164,0.164,0.164
0.193,0.193,0.193
0.148,0.148,0.148
0.195,0.195,0.195
-0.127,-0.127,-0.127
0.158,0.158,0.158
0.167,0.167,0.167
0.217,0.217,0.217
0.194,0.194,0.194
0.199,0.199,0.199
0.217,0.217,0.217
0.237,0.237,0.237
-0.250,-0.250,-0.250
-0.398,-0.398,-0.398
-0.430,-0.430,-0.430
-0.177,-0.177,-0.177
-5.000,-5.000,-5.000
-2.435,-2.435,-2.435
0.124,0.124,0.124
2.308,2.308,2.308
3.093,3.093,3.093
3.232,3.232,3.232
3.147,3.147,3.147
3.035,3.035,3.035
2.933,2.933,2.933
2.801,2.801,2.801
2.279,2.279,2.279
1.626,1.626,1.626
0.915,0.915,0.915
0.160,0.160,0.160
-0.037,-0.037,-0.037
-0.706,-0.706,-0.706
-1.435,-1.435,-1.435
-2.072,-2.072,-2.072
-2.575,-2.575,-2.575
-2.935,-2.935,-2.935
-3.148,-3.148,-3.148
-3.222,-3.222,-3.222
-3.181,-3.181,-3.181
-3.057,-3.057,-3.057
-2.880,-2.880,-2.880
-2.677,-2.677,-2.677
-2.458,-2.458,-2.458
-2.252,-2.252,-2.252
2.395,2.395,2.395
2.848,2.848,2.848
1.911,1.911,1.911
1.439,1.439,1.439
0.884,0.884,0.884
1.804,1.804,1.804
2.572,2.572,2.572
0.791,0.791,0.791
-0.418,-0.418,-0.418
-0.236,-0.236,-0.236
0.157,0.157,0.157
0.338,0.338,0.338
0.560,0.560,0.560
0.614,0.614,0.614
0.560,0.560,0.560
0.456,0.456,0.456
0.260,0.260,0.260
0.799,0.799,0.799
0.480,0.480,0.480
0.938,0.938,0.938
0.545,0.545,0.545
0.088,0.088,0.088
-0.085,-0.085,-0.085
-3.355,-3.355,-3.355
-1.218,-1.218,-1.218
-2.010,-2.010,-2.010
0.764,0.764,0.764
0.538,0.538,0.538
0.863,0.863,0.863
0.808,0.808,0.808
0.570,0.570,0.570
0.523,0.523,0.523
0.484,0.484,0.484
0.454,0.454,0.454
0.416,0.416,0.416
0.385,0.385,0.385
0.356,0.356,0.356
0.328,0.328,0.328
0.312,0.312,0.312
0.276,0.276,0.276
0.188,0.188,0.188
0.101,0.101,0.101
0.018,0.018,0.018
-0.054,-0.054,-0.054
-0.536,-0.536,-0.536
-0.239,-0.239,-0.239
-0.016,-0.016,-0.016
0.150,0.150,0.150
0.276,0.276,0.276
0.372,0.372,0.372
0.447,0.447,0.447
0.503,0.503,0.503
0.546,0.546,0.546
0.578,0.578,0.578
0.599,0.599,0.599
0.612,0.612,0.612
0.618,0.618,0.618
0.617,0.617,0.617
0.608,0.608,0.608
0.583,0.583,0.583
1.363,1.363,1.363
1.081,1.081,1.081
0.882,0.882,0.882
0.745,0.745,0.745
0.657,0.657,0.657
0.435,0.435,0.435
0.287,0.287,0.287
0.226,0.226,0.226
0.219,0.219,0.219
0.220,0.220,0.220
0.149,0.149,0.149
0.160,0.160,0.160
0.146,0.146,0.146
0.172,0.172,0.172
0.212,0.212,0.212
-0.131,-0.131,-0.131
0.132,0.132,0.132
0.144,0.144,0.144
0.158,0.158,0.158
0.179,0.179,0.179
0.255,0.255,0.255
0.238,0.238,0.238
0.236,0.236,0.236
0.270,0.270,0.270
0.129,0.129,0.129
0.131,0.131,0.131
-0.827,-0.827,-0.827
-3.902,-3.902,-3.902
-0.844,-0.844,-0.844
1.484,1.484,1.484
2.553,2.553,2.553
2.953,2.953,2.953
3.063,3.063,3.063
2.982,2.982,2.982
2.869,2.869,2.869
2.716,2.716,2.716
2.091,2.091,2.091
1.391,1.391,1.391
0.258,0.258,0.258
-0.650,-0.650,-0.650
-1.172,-1.172,-1.172
-1.327,-1.327,-1.327
-1.019,-1.019,-1.019
-1.293,-1.293,-1.293
-1.740,-1.740,-1.740
-2.188,-2.188,-2.188
-2.566,-2.566,-2.566
-2.847,-2.847,-2.847
-3.020,-3.020,-3.020
-3.085,-3.085,-3.085
-3.054,-3.054,-3.054
-2.945,-2.945,-2.945
-2.782,-2.782,-2.782
-2.594,-2.594,-2.594
-2.391,-2.391,-2.391
-2.193,-2.193,-2.193
-2.013,-2.013,-2.013
2.791,2.791,2.791
2.026,2.026,2.026
1.941,1.941,1.941
2.486,2.486,2.486
0.631,0.631,0.631
-0.205,-0.205,-0.205
-0.183,-0.183,-0.183
0.374,0.374,0.374
0.660,0.660,0.660
0.724,0.724,0.724
0.624,0.624,0.624
0.514,0.514,0.514
0.432,0.432,0.432
0.407,0.407,0.407
1.923,1.923,1.923
2.610,2.610,2.610
2.462,2.462,2.462
2.166,2.166,2.166
1.798,1.798,1.798
1.403,1.403,1.403
1.018,1.018,1.018
0.302,0.302,0.302
0.946,0.946,0.946
-0.643,-0.643,-0.643
-0.568,-0.568,-0.568
0.323,0.323,0.323
1.038,1.038,1.038
0.870,0.870,0.870
0.815,0.815,0.815
0.698,0.698,0.698
0.743,0.743,0.743
0.687,0.687,0.687
0.649,0.649,0.649
0.607,0.607,0.607
0.495,0.495,0.495
0.340,0.340,0.340
0.316,0.316,0.316
0.277,0.277,0.277
0.223,0.223,0.223
0.163,0.163,0.163
0.101,0.101,0.101
0.041,0.041,0.041
-0.004,-0.004,-0.004
-0.466,-0.466,-0.466
-0.208,-0.208,-0.208
0.001,0.001,0.001
0.164,0.164,0.164
0.293,0.293,0.293
0.378,0.378,0.378
0.439,0.439,0.439
0.490,0.490,0.490
0.531,0.531,0.531
0.563,0.563,0.563
0.587,0.587,0.587
0.603,0.603,0.603
0.612,0.612,0.612
0.611,0.611,0.611
0.101,0.101,0.101
-0.791,-0.791,-0.791
1.230,1.230,1.230
1.331,1.331,1.331
1.166,1.166,1.166
0.575,0.575,0.575
0.496,0.496,0.496
0.311,0.311,0.311
0.251,0.251,0.251
0.220,0.220,0.220
0.247,0.247,0.247
0.229,0.229,0.229
0.215,0.215,0.215
0.184,0.184,0.184
0.171,0.171,0.171
0.166,0.166,0.166
-0.110,-0.110,-0.110
0.132,0.132,0.132
0.135,0.135,0.135
0.164,0.164,0.164
0.130,0.130,0.130
0.170,0.170,0.170
0.243,0.243,0.243
0.291,0.291,0.291
0.269,0.269,0.269
2.472,2.472,2.472
3.965,3.965,3.965
3.936,3.936,3.936
3.387,3.387,3.387
3.154,3.154,3.154
-4.140,-4.140,-4.140
-0.741,-0.741,-0.741
0.207,0.207,0.207
1.891,1.891,1.891
2.330,2.330,2.330
2.816,2.816,2.816
1.714,1.714,1.714
1.020,1.020,1.020
0.709,0.709,0.709
0.154,0.154,0.154
-0.684,-0.684,-0.684
-1.449,-1.449,-1.449
-1.957,-1.957,-1.957
-1.938,-1.938,-1.938
-1.449,-1.449,-1.449
-1.673,-1.673,-1.673
-2.108,-2.108,-2.108
-2.541,-2.541,-2.541
-2.880,-2.880,-2.880
-3.110,-3.110,-3.110
-3.211,-3.211,-3.211
-3.215,-3.215,-3.215
-3.138,-3.138,-3.138
-2.994,-2.994,-2.994
-2.823,-2.823,-2.823
-2.632,-2.632,-2.632
-2.427,-2.427,-2.427
-2.238,-2.238,-2.238
2.756,2.756,2.756
2.214,2.214,2.214
2.463,2.463,2.463
2.074,2.074,2.074
0.182,0.182,0.182
0.250,0.250,0.250
0.479,0.479,0.479
0.828,0.828,0.828
1.355,1.355,1.355
2.163,2.163,2.163
3.720,3.720,3.720
1.250,1.250,1.250
0.667,0.667,0.667
0.827,0.827,0.827
0.857,0.857,0.857
-3.849,-3.849,-3.849
-4.854,-4.854,-4.854
-3.850,-3.850,-3.850
-3.548,-3.548,-3.548
-3.287,-3.287,-3.287
-3.071,-3.071,-3.071
-2.878,-2.878,-2.878
-2.465,-2.465,-2.465
-2.256,-2.256,-2.256
-2.107,-2.107,-2.107
-2.080,-2.080,-2.080
0.311,0.311,0.311
0.580,0.580,0.580
0.451,0.451,0.451
0.857,0.857,0.857
0.722,0.722,0.722
0.645,0.645,0.645
0.557,0.557,0.557
0.506,0.506,0.506
0.471,0.471,0.471
0.438,0.438,0.438
0.391,0.391,0.391
0.344,0.344,0.344
0.292,0.292,0.292
0.233,0.233,0.233
0.166,0.166,0.166
0.091,0.091,0.091
0.012,0.012,0.012
-0.063,-0.063,-0.063
-0.538,-0.538,-0.538
-0.230,-0.230,-0.230
0.001,0.001,0.001
0.174,0.174,0.174
0.304,0.304,0.304
0.402,0.402,0.402
0.476,0.476,0.476
0.531,0.531,0.531
0.571,0.571,0.571
0.600,0.600,0.600
0.617,0.617,0.617
0.615,0.615,0.615
0.597,0.597,0.597
0.571,0.571,0.571
0.544,0.544,0.544
0.513,0.513,0.513
1.110,1.110,1.110
0.755,0.755,0.755
0.559,0.559,0.559
0.424,0.424,0.424
0.336,0.336,0.336
0.281,0.281,0.281
0.247,0.247,0.247
0.227,0.227,0.227
0.215,0.215,0.215
0.207,0.207,0.207
0.202,0.202,0.202
0.198,0.198,0.198
0.195,0.195,0.195
0.244,0.244,0.244
0.217,0.217,0.217
0.185,0.185,0.185
0.160,0.160,0.160
-1.279,-1.279,-1.279
-0.926,-0.926,-0.926
-0.566,-0.566,-0.566
-0.303,-0.303,-0.303
-0.201,-0.201,-0.201
-0.165,-0.165,-0.165
-0.140,-0.140,-0.140
0.256,0.256,0.256
0.578,0.578,0.578
-1.437,-1.437,-1.437
-1.222,-1.222,-1.222
-1.858,-1.858,-1.858
-2.499,-2.499,-2.499
-3.020,-3.020,-3.020
-3.463,-3.463,-3.463
-3.841,-3.841,-3.841
-3.983,-3.983,-3.983
-3.930,-3.930,-3.930
-3.835,-3.835,-3.835
-3.688,-3.688,-3.688
-3.517,-3.517,-3.517
-3.293,-3.293,-3.293
-2.945,-2.945,-2.945
-2.439,-2.439,-2.439
-1.658,-1.658,-1.658
-0.748,-0.748,-0.748
-0.657,-0.657,-0.657
-0.899,-0.899,-0.899
-1.240,-1.240,-1.240
-1.574,-1.574,-1.574
-1.855,-1.855,-1.855
-2.059,-2.059,-2.059
-2.177,-2.177,-2.177
-2.218,-2.218,-2.218
-2.196,-2.196,-2.196
-2.124,-2.124,-2.124
-2.020,-2.020,-2.020
-1.900,-1.900,-1.900
-1.673,-1.673,-1.673
-1.383,-1.383,-1.383
-1.078,-1.078,-1.078
-1.414,-1.414,-1.414
-1.021,-1.021,-1.021
-0.541,-0.541,-0.541
-0.246,-0.246,-0.246
-0.064,-0.064,-0.064
0.053,0.053,0.053
0.125,0.125,0.125
0.171,0.171,0.171
0.192,0.192,0.192
0.201,0.201,0.201
0.199,0.199,0.199
0.189,0.189,0.189
0.174,0.174,0.174
0.150,0.150,0.150
0.124,0.124,0.124
1.767,1.767,1.767
2.063,2.063,2.063
1.569,1.569,1.569
1.083,1.083,1.083
0.650,0.650,0.650
-0.224,-0.224,-0.224
-0.536,-0.536,-0.536
-0.699,-0.699,-0.699
-0.733,-0.733,-0.733
0.327,0.327,0.327
0.519,0.519,0.519
0.752,0.752,0.752
0.576,0.576,0.576
0.669,0.669,0.669
0.679,0.679,0.679
0.664,0.664,0.664
0.624,0.624,0.624
0.591,0.591,0.591
0.551,0.551,0.551
0.511,0.511,0.511
0.468,0.468,0.468
0.407,0.407,0.407
0.353,0.353,0.353
0.254,0.254,0.254
0.155,0.155,0.155
0.058,0.058,0.058
-0.028,-0.028,-0.028
-0.505,-0.505,-0.505
-0.212,-0.212,-0.212
0.005,0.005,0.005
0.164,0.164,0.164
0.288,0.288,0.288
0.389,0.389,0.389
0.466,0.466,0.466
0.521,0.521,0.521
0.558,0.558,0.558
0.585,0.585,0.585
0.605,0.605,0.605
0.617,0.617,0.617
0.624,0.624,0.624
0.624,0.624,0.624
0.614,0.614,0.614
0.584,0.584,0.584
1.232,1.232,1.232
0.902,0.902,0.902
0.662,0.662,0.662
0.501,0.501,0.501
0.432,0.432,0.432
0.371,0.371,0.371
0.299,0.299,0.299
0.272,0.272,0.272
0.260,0.260,0.260
0.251,0.251,0.251
-0.160,-0.160,-0.160
0.048,0.048,0.048
0.377,0.377,0.377
0.080,0.080,0.080
0.161,0.161,0.161
0.174,0.174,0.174
0.235,0.235,0.235
0.233,0.233,0.233
0.216,0.216,0.216
0.340,0.340,0.340
0.299,0.299,0.299
0.225,0.225,0.225
0.184,0.184,0.184
0.186,0.186,0.186
0.103,0.103,0.103
0.123,0.123,0.123
-0.910,-0.910,-0.910
-0.517,-0.517,-0.517
-0.063,-0.063,-0.063
-4.651,-4.651,-4.651
-0.600,-0.600,-0.600
1.907,1.907,1.907
2.761,2.761,2.761
3.073,3.073,3.073
3.122,3.122,3.122
3.083,3.083,3.083
3.052,3.052,3.052
3.024,3.024,3.024
2.855,2.855,2.855
2.665,2.665,2.665
2.489,2.489,2.489
1.888,1.888,1.888
1.069,1.069,1.069
0.574,0.574,0.574
0.464,0.464,0.464
-0.837,-0.837,-0.837
-1.867,-1.867,-1.867
-2.460,-2.460,-2.460
-2.827,-2.827,-2.827
-3.061,-3.061,-3.061
-3.193,-3.193,-3.193
-3.216,-3.216,-3.216
-3.122,-3.122,-3.122
-2.946,-2.946,-2.946
-2.726,-2.726,-2.726
-2.491,-2.491,-2.491
-2.263,-2.263,-2.263
-2.067,-2.067,-2.067
-2.467,-2.467,-2.467
-2.128,-2.128,-2.128
-1.417,-1.417,-1.417
-0.641,-0.641,-0.641
0.158,0.158,0.158
0.631,0.631,0.631
0.774,0.774,0.774
0.774,0.774,0.774
0.728,0.728,0.728
4.685,4.685,4.685
4.587,4.587,4.587
3.954,3.954,3.954
2.228,2.228,2.228
2.071,2.071,2.071
2.242,2.242,2.242
2.118,2.118,2.118
1.928,1.928,1.928
1.320,1.320,1.320
0.775,0.775,0.775
1.507,1.507,1.507
-0.172,-0.172,-0.172
-0.716,-0.716,-0.716
-1.277,-1.277,-1.277
-1.351,-1.351,-1.351
0.323,0.323,0.323
0.522,0.522,0.522
0.777,0.777,0.777
0.413,0.413,0.413
0.398,0.398,0.398
0.769,0.769,0.769
0.663,0.663,0.663
0.645,0.645,0.645
0.601,0.601,0.601
0.570,0.570,0.570
0.531,0.531,0.531
0.488,0.488,0.488
0.440,0.440,0.440
0.384,0.384,0.384
0.315,0.315,0.315
0.221,0.221,0.221
0.103,0.103,0.103
0.012,0.012,0.012
-0.490,-0.490,-0.490
-0.237,-0.237,-0.237
-0.039,-0.039,-0.039
0.122,0.122,0.122
0.254,0.254,0.254
0.362,0.362,0.362
0.449,0.449,0.449
0.518,0.518,0.518
0.561,0.561,0.561
0.581,0.581,0.581
0.596,0.596,0.596
0.607,0.607,0.607
0.613,0.613,0.613
0.612,0.612,0.612
0.603,0.603,0.603
0.570,0.570,0.570
0.222,0.222,0.222
1.481,1.481,1.481
0.748,0.748,0.748
0.505,0.505,0.505
0.379,0.379,0.379
0.349,0.349,0.349
0.306,0.306,0.306
0.256,0.256,0.256
0.245,0.245,0.245
0.235,0.235,0.235
0.299,0.299,0.299
-0.175,-0.175,-0.175
0.364,0.364,0.364
0.230,0.230,0.230
-0.024,-0.024,-0.024
0.164,0.164,0.164
0.190,0.190,0.190
0.189,0.189,0.189
0.138,0.138,0.138
0.153,0.153,0.153
0.296,0.296,0.296
0.290,0.290,0.290
0.213,0.213,0.213
0.224,0.224,0.224
0.115,0.115,0.115
0.131,0.131,0.131
-0.850,-0.850,-0.850
-2.886,-2.886,-2.886
-0.731,-0.731,-0.731
1.269,1.269,1.269
2.437,2.437,2.437
2.854,2.854,2.854
3.112,3.112,3.112
3.100,3.100,3.100
3.015,3.015,3.015
2.931,2.931,2.931
2.840,2.840,2.840
2.344,2.344,2.344
1.608,1.608,1.608
0.509,0.509,0.509
-0.194,-0.194,-0.194
-0.608,-0.608,-0.608
-0.632,-0.632,-0.632
-1.131,-1.131,-1.131
-1.617,-1.617,-1.617
-2.052,-2.052,-2.052
-2.437,-2.437,-2.437
-2.766,-2.766,-2.766
-3.035,-3.035,-3.035
-3.221,-3.221,-3.221
-3.265,-3.265,-3.265
-3.182,-3.182,-3.182
-3.012,-3.012,-3.012
-2.797,-2.797,-2.797
-2.569,-2.569,-2.569
-2.341,-2.341,-2.341
-2.134,-2.134,-2.134
2.648,2.648,2.648
1.981,1.981,1.981
1.868,1.868,1.868
2.421,2.421,2.421
0.949,0.949,0.949
0.064,0.064,0.064
-0.031,-0.031,-0.031
0.608,0.608,0.608
0.827,0.827,0.827
0.834,0.834,0.834
0.720,0.720,0.720
0.610,0.610,0.610
0.477,0.477,0.477
1.982,1.982,1.982
2.804,2.804,2.804
2.906,2.906,2.906
2.621,2.621,2.621
2.255,2.255,2.255
1.864,1.864,1.864
1.437,1.437,1.437
0.989,0.989,0.989
1.018,1.018,1.018
-2.475,-2.475,-2.475
1.747,1.747,1.747
-1.845,-1.845,-1.845
-0.273,-0.273,-0.273
0.961,0.961,0.961
0.830,0.830,0.830
0.741,0.741,0.741
0.655,0.655,0.655
0.619,0.619,0.619
0.592,0.592,0.592
0.586,0.586,0.586
0.600,0.600,0.600
0.612,0.612,0.612
0.593,0.593,0.593
0.438,0.438,0.438
0.193,0.193,0.193
0.267,0.267,0.267
-0.816,-0.816,-0.816
0.650,0.650,0.650
0.632,0.632,0.632
0.622,0.622,0.622
-0.257,-0.257,-0.257
-0.187,-0.187,-0.187
-0.078,-0.078,-0.078
-0.129,-0.129,-0.129
-0.341,-0.341,-0.341
-0.175,-0.175,-0.175
-0.069,-0.069,-0.069
-0.053,-0.053,-0.053
0.021,0.021,0.021
0.088,0.088,0.088
0.143,0.143,0.143
0.189,0.189,0.189
0.205,0.205,0.205
0.481,0.481,0.481
0.493,0.493,0.493
0.366,0.366,0.366
0.448,0.448,0.448
0.432,0.432,0.432
0.423,0.423,0.423
0.402,0.402,0.402
1.357,1.357,1.357
2.592,2.592,2.592
2.109,2.109,2.109
1.966,1.966,1.966
1.896,1.896,1.896
1.977,1.977,1.977
2.126,2.126,2.126
2.115,2.115,2.115
2.071,2.071,2.071
1.998,1.998,1.998
1.732,1.732,1.732
1.391,1.391,1.391
1.076,1.076,1.076
1.030,1.030,1.030
1.102,1.102,1.102
1.223,1.223,1.223
1.484,1.484,1.484
1.449,1.449,1.449
1.021,1.021,1.021
0.001,0.001,0.001
-0.741,-0.741,-0.741
-0.314,-0.314,-0.314
0.199,0.199,0.199
0.332,0.332,0.332
-5.000,-5.000,-5.000
-5.000,-5.000,-5.000
-5.000,-5.000,-5.000
-5.000,-5.000,-5.000
-5.000,-5.000,-5.000
-5.000,-5.000,-5.000
-5.000,-5.000,-5.000
-4.914,-4.914,-4.914
-4.531,-4.531,-4.531
-4.355,-4.355,-4.355
-4.276,-4.276,-4.276
-4.246,-4.246,-4.246
-4.241,-4.241,-4.241
-4.248,-4.248,-4.248
-4.039,-4.039,-4.039
-3.963,-3.963,-3.963
-3.944,-3.944,-3.944
-3.958,-3.958,-3.958
-3.977,-3.977,-3.977
-4.005,-4.005,-4.005
-3.855,-3.855,-3.855
-3.734,-3.734,-3.734
-3.590,-3.590,-3.590
-3.465,-3.465,-3.465
-3.361,-3.361,-3.361
-3.277,-3.277,-3.277
-3.209,-3.209,-3.209
-3.146,-3.146,-3.146
-3.096,-3.096,-3.096
-3.057,-3.057,-3.057
-3.151,-3.151,-3.151
-3.173,-3.173,-3.173
-3.168,-3.168,-3.168
-5.000,-5.000,-5.000
-5.000,-5.000,-5.000
-3.597,-3.597,-3.597
-0.080,-0.080,-0.080
0.530,0.530,0.530
0.237,0.237,0.237
0.119,0.119,0.119
-0.647,-0.647,-0.647
0.911,0.911,0.911
0.510,0.510,0.510
0.273,0.273,0.273
0.443,0.443,0.443
0.914,0.914,0.914
1.624,1.624,1.624
2.467,2.467,2.467
3.230,3.230,3.230
1.842,1.842,1.842
0.938,0.938,0.938
0.791,0.791,0.791
0.811,0.811,0.811
0.840,0.840,0.840
1.100,1.100,1.100
0.467,0.467,0.467
0.480,0.480,0.480
0.500,0.500,0.500
0.390,0.390,0.390
0.463,0.463,0.463
0.478,0.478,0.478
0.481,0.481,0.481
0.478,0.478,0.478
0.473,0.473,0.473
0.468,0.468,0.468
0.462,0.462,0.462
0.006,0.006,0.006
0.213,0.213,0.213
0.335,0.335,0.335
0.429,0.429,0.429
0.498,0.498,0.498
0.525,0.525,0.525
-0.044,-0.044,-0.044
0.004,0.004,0.004
-0.322,-0.322,-0.322
-0.081,-0.081,-0.081
0.031,0.031,0.031
0.156,0.156,0.156
0.206,0.206,0.206
0.234,0.234,0.234
0.253,0.253,0.253
0.266,0.266,0.266
0.276,0.276,0.276
0.284,0.284,0.284
0.294,0.294,0.294
-0.016,-0.016,-0.016
0.127,0.127,0.127
0.169,0.169,0.169
0.334,0.334,0.334
0.365,0.365,0.365
0.384,0.384,0.384
0.377,0.377,0.377
0.365,0.365,0.365
-1.333,-1.333,-1.333
-1.035,-1.035,-1.035
-1.017,-1.017,-1.017
-1.201,-1.201,-1.201
-0.157,-0.157,-0.157
-0.778,-0.778,-0.778
-1.477,-1.477,-1.477
-1.706,-1.706,-1.706
-1.730,-1.730,-1.730
-1.706,-1.706,-1.706
-1.587,-1.587,-1.587
-1.056,-1.056,-1.056
-1.553,-1.553,-1.553
-1.775,-1.775,-1.775
-1.829,-1.829,-1.829
-1.877,-1.877,-1.877
-1.865,-1.865,-1.865
-1.854,-1.854,-1.854
-1.831,-1.831,-1.831
0.651,0.651,0.651
1.256,1.256,1.256
1.397,1.397,1.397
1.316,1.316,1.316
1.177,1.177,1.177
1.037,1.037,1.037
0.908,0.908,0.908
0.802,0.802,0.802
0.712,0.712,0.712
0.634,0.634,0.634
0.570,0.570,0.570
0.507,0.507,0.507
0.359,0.359,0.359
0.259,0.259,0.259
0.187,0.187,0.187
0.169,0.169,0.169
0.200,0.200,0.200
0.236,0.236,0.236
0.073,0.073,0.073
-0.160,-0.160,-0.160
-5.000,-5.000,-5.000
-5.000,-5.000,-5.000
-5.000,-5.000,-5.000
-5.000,-5.000,-5.000
-5.000,-5.000,-5.000
-5.000,-5.000,-5.000
-5.000,-5.000,-5.000
-4.001,-4.001,-4.001
-2.706,-2.706,-2.706
-2.489,-2.489,-2.489
-2.345,-2.345,-2.345
-2.227,-2.227,-2.227
-1.926,-1.926,-1.926
-1.589,-1.589,-1.589
-1.651,-1.651,-1.651
-1.694,-1.694,-1.694
0.383,0.383,0.383
0.077,0.077,0.077
0.300,0.300,0.300
0.494,0.494,0.494
0.524,0.524,0.524
0.533,0.533,0.533
0.532,0.532,0.532
0.372,0.372,0.372
0.300,0.300,0.300
0.328,0.328,0.328
-0.794,-0.794,-0.794
0.622,0.622,0.622
0.915,0.915,0.915
0.317,0.317,0.317
0.312,0.312,0.312
0.326,0.326,0.326
0.341,0.341,0.341
0.356,0.356,0.356
0.374,0.374,0.374
0.384,0.384,0.384
0.291,0.291,0.291
0.145,0.145,0.145
0.138,0.138,0.138
0.152,0.152,0.152
0.303,0.303,0.303
0.285,0.285,0.285
0.052,0.052,0.052
0.135,0.135,0.135
0.189,0.189,0.189
0.226,0.226,0.226
0.259,0.259,0.259
0.301,0.301,0.301
0.342,0.342,0.342
0.384,0.384,0.384
0.460,0.460,0.460
0.513,0.513,0.513
0.559,0.559,0.559
0.609,0.609,0.609
0.666,0.666,0.666
0.711,0.711,0.711
0.211,0.211,0.211
0.276,0.276,0.276
0.309,0.309,0.309
0.311,0.311,0.311
0.288,0.288,0.288
0.252,0.252,0.252
0.213,0.213,0.213
0.177,0.177,0.177
0.149,0.149,0.149
0.130,0.130,0.130
0.120,0.120,0.120
0.117,0.117,0.117
0.120,0.120,0.120
0.127,0.127,0.127
0.135,0.135,0.135
0.145,0.145,0.145
0.427,0.427,0.427
-1.830,-1.830,-1.830
-1.406,-1.406,-1.406
-1.361,-1.361,-1.361
-1.324,-1.324,-1.324
-1.294,-1.294,-1.294
-1.264,-1.264,-1.264
-1.237,-1.237,-1.237
-1.216,-1.216,-1.216
-1.201,-1.201,-1.201
-1.192,-1.192,-1.192
-1.186,-1.186,-1.186
-1.182,-1.182,-1.182
-1.177,-1.177,-1.177
-1.166,-1.166,-1.166
-2.051,-2.051,-2.051
-2.804,-2.804,-2.804
-2.652,-2.652,-2.652
-2.513,-2.513,-2.513
-2.344,-2.344,-2.344
-2.137,-2.137,-2.137
-1.881,-1.881,-1.881
-1.579,-1.579,-1.579
-0.992,-0.992,-0.992
0.442,0.442,0.442
1.078,1.078,1.078
1.508,1.508,1.508
1.442,1.442,1.442
1.503,1.503,1.503
1.409,1.409,1.409
0.674,0.674,0.674
0.240,0.240,0.240
0.260,0.260,0.260
0.320,0.320,0.320
0.332,0.332,0.332
0.316,0.316,0.316
0.226,0.226,0.226
0.169,0.169,0.169
0.156,0.156,0.156
-4.387,-4.387,-4.387
-5.000,-5.000,-5.000
-5.000,-5.000,-5.000
-5.000,-5.000,-5.000
-5.000,-5.000,-5.000
-5.000,-5.000,-5.000
-4.789,-4.789,-4.789
-4.408,-4.408,-4.408
-4.188,-4.188,-4.188
-4.037,-4.037,-4.037
-4.090,-4.090,-4.090
-3.760,-3.760,-3.760
-3.767,-3.767,-3.767
-3.791,-3.791,-3.791
-3.858,-3.858,-3.858
-3.877,-3.877,-3.877
-4.217,-4.217,-4.217
-4.486,-4.486,-4.486
-3.756,-3.756,-3.756
-2.292,-2.292,-2.292
-1.728,-1.728,-1.728
-1.254,-1.254,-1.254
-0.974,-0.974,-0.974
-0.854,-0.854,-0.854
-0.837,-0.837,-0.837
-0.881,-0.881,-0.881
-0.937,-0.937,-0.937
-1.161,-1.161,-1.161
-0.885,-0.885,-0.885
-0.730,-0.730,-0.730
-0.596,-0.596,-0.596
-0.451,-0.451,-0.451
-0.334,-0.334,-0.334
-0.265,-0.265,-0.265
-0.226,-0.226,-0.226
-0.212,-0.212,-0.212
-0.198,-0.198,-0.198
-0.177,-0.177,-0.177
-0.158,-0.158,-0.158
-0.139,-0.139,-0.139
0.265,0.265,0.265
0.369,0.369,0.369
0.294,0.294,0.294
0.907,0.907,0.907
0.840,0.840,0.840
0.596,0.596,0.596
0.476,0.476,0.476
0.412,0.412,0.412
0.331,0.331,0.331
0.279,0.279,0.279
0.237,0.237,0.237
0.444,0.444,0.444
0.445,0.445,0.445
0.430,0.430,0.430
0.407,0.407,0.407
0.381,0.381,0.381
0.383,0.383,0.383
0.365,0.365,0.365
0.359,0.359,0.359
0.363,0.363,0.363
0.413,0.413,0.413
0.158,0.158,0.158
0.143,0.143,0.143
0.200,0.200,0.200
0.174,0.174,0.174
0.148,0.148,0.148
0.143,0.143,0.143
0.148,0.148,0.148
0.158,0.158,0.158
0.169,0.169,0.169
0.180,0.180,0.180
0.191,0.191,0.191
0.201,0.201,0.201
0.151,0.151,0.151
0.195,0.195,0.195
0.232,0.232,0.232
0.264,0.264,0.264
0.564,0.564,0.564
0.562,0.562,0.562
0.560,0.560,0.560
0.558,0.558,0.558
0.514,0.514,0.514
0.442,0.442,0.442
0.184,0.184,0.184
2.068,2.068,2.068
2.350,2.350,2.350
1.725,1.725,1.725
1.411,1.411,1.411
1.066,1.066,1.066
0.710,0.710,0.710
-0.502,-0.502,-0.502
-0.848,-0.848,-0.848
-0.573,-0.573,-0.573
-0.231,-0.231,-0.231
0.076,0.076,0.076
0.326,0.326,0.326
0.450,0.450,0.450
0.436,0.436,0.436
0.149,0.149,0.149
0.026,0.026,0.026
-0.206,-0.206,-0.206
-0.566,-0.566,-0.566
-2.090,-2.090,-2.090
-2.417,-2.417,-2.417
-2.349,-2.349,-2.349
-2.284,-2.284,-2.284
-2.242,-2.242,-2.242
-2.217,-2.217,-2.217
-2.203,-2.203,-2.203
-2.197,-2.197,-2.197
-2.197,-2.197,-2.197
-2.201,-2.201,-2.201
-2.209,-2.209,-2.209
-2.221,-2.221,-2.221
-2.235,-2.235,-2.235
-2.252,-2.252,-2.252
-2.270,-2.270,-2.270
-2.291,-2.291,-2.291
-2.312,-2.312,-2.312
-1.995,-1.995,-1.995
-1.924,-1.924,-1.924
-1.905,-1.905,-1.905
-1.918,-1.918,-1.918
-1.958,-1.958,-1.958
-2.017,-2.017,-2.017
-2.087,-2.087,-2.087
-2.164,-2.164,-2.164
-2.241,-2.241,-2.241
-2.317,-2.317,-2.317
-2.388,-2.388,-2.388
-2.453,-2.453,-2.453
-2.513,-2.513,-2.513
-2.566,-2.566,-2.566
-2.613,-2.613,-2.613
-2.654,-2.654,-2.654
-2.856,-2.856,-2.856
-2.921,-2.921,-2.921
-2.958,-2.958,-2.958
-2.982,-2.982,-2.982
-2.995,-2.995,-2.995
-3.001,-3.001,-3.001
-3.002,-3.002,-3.002
-3.000,-3.000,-3.000
-2.997,-2.997,-2.997
-2.993,-2.993,-2.993
-2.990,-2.990,-2.990
-2.989,-2.989,-2.989
-2.989,-2.989,-2.989
-2.990,-2.990,-2.990
0.517,0.517,0.517
0.731,0.731,0.731
-1.175,-1.175,-1.175
-0.378,-0.378,-0.378
-0.215,-0.215,-0.215
-0.192,-0.192,-0.192
-0.219,-0.219,-0.219
-0.269,-0.269,-0.269
-0.302,-0.302,-0.302
-0.303,-0.303,-0.303
-0.157,-0.157,-0.157
0.513,0.513,0.513
0.529,0.529,0.529
0.536,0.536,0.536
0.531,0.531,0.531
0.521,0.521,0.521
0.510,0.510,0.510
0.499,0.499,0.499
0.488,0.488,0.488
0.478,0.478,0.478
0.470,0.470,0.470
0.462,0.462,0.462
0.455,0.455,0.455
0.450,0.450,0.450
0.446,0.446,0.446
0.442,0.442,0.442
0.440,0.440,0.440
0.438,0.438,0.438
-0.081,-0.081,-0.081
-0.024,-0.024,-0.024
0.030,0.030,0.030
0.081,0.081,0.081
0.126,0.126,0.126
0.167,0.167,0.167
0.202,0.202,0.202
0.233,0.233,0.233
0.259,0.259,0.259
0.281,0.281,0.281
0.300,0.300,0.300
0.317,0.317,0.317
0.330,0.330,0.330
0.342,0.342,0.342
0.352,0.352,0.352
0.360,0.360,0.360
0.545,0.545,0.545
0.545,0.545,0.545
0.540,0.540,0.540
0.531,0.531,0.531
0.520,0.520,0.520
0.508,0.508,0.508
0.496,0.496,0.496
0.485,0.485,0.485
0.475,0.475,0.475
0.466,0.466,0.466
0.458,0.458,0.458
0.085,0.085,0.085
0.313,0.313,0.313
0.306,0.306,0.306
